622101.998407	5678903.387159	2164.079999	622803.260277	5678452.064545	2285.999999	623136.342290	5677679.556884	2133.599999	622357.161440	5677899.114424	2133.599999
622101.998407	5678903.387159	2164.079999	622803.260277	5678452.064545	2285.999999	623136.342290	5677679.556884	2133.599999	622638.222740	5677869.001684	2285.999999
623963.890387	5676134.934119	2346.959999	624119.076035	5677185.325229	2590.799999	623136.342290	5677679.556884	2133.599999	623258.814418	5677419.477842	2438.399999
623963.890387	5676134.934119	2346.959999	624119.076035	5677185.325229	2590.799999	623136.342290	5677679.556884	2133.599999	623737.222932	5677178.434888	2590.799999
623963.890387	5676134.934119	2346.959999	624119.076035	5677185.325229	2590.799999	623136.342290	5677679.556884	2133.599999	623903.753736	5677004.770499	2743.199999
623963.890387	5676134.934119	2346.959999	624119.076035	5677185.325229	2590.799999	623136.342290	5677679.556884	2133.599999	623738.584087	5676710.835799	2590.799999
623963.890387	5676134.934119	2346.959999	624119.076035	5677185.325229	2590.799999	623136.342290	5677679.556884	2133.599999	623640.181624	5676312.595322	2529.839999
623963.890387	5676134.934119	2346.959999	624086.342458	5675309.552226	2285.999999	623905.560574	5674968.396350	2011.679999	623571.016533	5675787.556443	2285.999999
623963.890387	5676134.934119	2346.959999	624086.342458	5675309.552226	2285.999999	623905.560574	5674968.396350	2011.679999	623427.662023	5675473.020454	2133.599999
623963.890387	5676134.934119	2346.959999	624086.342458	5675309.552226	2285.999999	623905.560574	5674968.396350	2011.679999	623521.424908	5675037.909746	2103.119999
624011.258186	5674559.059917	1981.199999	624408.858920	5673618.396650	2042.159999	624376.563444	5672856.475728	1798.319999	623959.929101	5674149.380411	2133.599999
624011.258186	5674559.059917	1981.199999	624408.858920	5673618.396650	2042.159999	624376.563444	5672856.475728	1798.319999	624164.972013	5673823.778272	2133.599999
624011.258186	5674559.059917	1981.199999	624408.858920	5673618.396650	2042.159999	624376.563444	5672856.475728	1798.319999	624233.008393	5673536.701109	2133.599999
624011.258186	5674559.059917	1981.199999	624408.858920	5673618.396650	2042.159999	624376.563444	5672856.475728	1798.319999	624147.350117	5673138.873573	1981.199999
624638.218013	5672485.753979	1828.799999	625663.028394	5671860.952159	2285.999999	625974.425625	5670964.571871	2164.079999	624507.687188	5672026.973597	1828.799999
624638.218013	5672485.753979	1828.799999	625663.028394	5671860.952159	2285.999999	625974.425625	5670964.571871	2164.079999	624688.635458	5671373.363131	1889.759999
624638.218013	5672485.753979	1828.799999	625663.028394	5671860.952159	2285.999999	625974.425625	5670964.571871	2164.079999	624893.204592	5671064.685584	1981.199999
624638.218013	5672485.753979	1828.799999	625663.028394	5671860.952159	2285.999999	625974.425625	5670964.571871	2164.079999	625214.197154	5670976.255637	2133.599999
624638.218013	5672485.753979	1828.799999	625663.028394	5671860.952159	2285.999999	625974.425625	5670964.571871	2164.079999	625507.264786	5670972.167272	2285.999999
624638.218013	5672485.753979	1828.799999	625663.028394	5671860.952159	2285.999999	625974.425625	5670964.571871	2164.079999	625759.267375	5670920.026652	2407.919999
626669.398975	5669309.821788	2133.599999	626625.413084	5670490.458464	2468.879999	625974.425625	5670964.571871	2164.079999	625759.267375	5670920.026652	2407.919999
626669.398975	5669309.821788	2133.599999	626625.413084	5670490.458464	2468.879999	625974.425625	5670964.571871	2164.079999	626088.112488	5670572.490054	2438.399999
626669.398975	5669309.821788	2133.599999	626625.413084	5670490.458464	2468.879999	625974.425625	5670964.571871	2164.079999	626310.389049	5670379.121832	2590.799999
626669.398975	5669309.821788	2133.599999	626625.413084	5670490.458464	2468.879999	625974.425625	5670964.571871	2164.079999	626384.668013	5670168.770179	2438.399999
626669.398975	5669309.821788	2133.599999	626625.413084	5670490.458464	2468.879999	625974.425625	5670964.571871	2164.079999	626374.706089	5669794.349810	2438.399999
626669.398975	5669309.821788	2133.599999	626625.413084	5670490.458464	2468.879999	625974.425625	5670964.571871	2164.079999	626488.431319	5669257.746482	2285.999999
626669.398975	5669309.821788	2133.599999	627013.017565	5668894.721008	2316.479999	626945.404288	5668178.522947	2072.639999	626671.793212	5668948.500192	2438.399999
626669.398975	5669309.821788	2133.599999	627013.017565	5668894.721008	2316.479999	626945.404288	5668178.522947	2072.639999	626747.849833	5668678.671232	2438.399999
626669.398975	5669309.821788	2133.599999	627013.017565	5668894.721008	2316.479999	626945.404288	5668178.522947	2072.639999	626685.568933	5668349.468931	2285.999999
626669.398975	5669309.821788	2133.599999	627013.017565	5668894.721008	2316.479999	626945.404288	5668178.522947	2072.639999	626702.196105	5668077.842071	2285.999999
627129.217041	5667711.976617	2103.119999	627903.632653	5667228.707506	2499.359999	628361.166908	5665707.336084	2194.559999	627006.344045	5667563.855342	2285.999999
627129.217041	5667711.976617	2103.119999	627903.632653	5667228.707506	2499.359999	628361.166908	5665707.336084	2194.559999	627377.195185	5667230.334577	2438.399999
627129.217041	5667711.976617	2103.119999	627903.632653	5667228.707506	2499.359999	628361.166908	5665707.336084	2194.559999	627405.686077	5666848.518716	2285.999999
627129.217041	5667711.976617	2103.119999	627903.632653	5667228.707506	2499.359999	628361.166908	5665707.336084	2194.559999	627454.839995	5666059.214736	1981.199999
627129.217041	5667711.976617	2103.119999	627903.632653	5667228.707506	2499.359999	628361.166908	5665707.336084	2194.559999	627737.609722	5665973.987635	2133.599999
628470.646704	5664464.919663	1889.759999	628771.546927	5665187.859318	2377.439999	628361.166908	5665707.336084	2194.559999	627667.865064	5665610.542185	1981.199999
628470.646704	5664464.919663	1889.759999	628771.546927	5665187.859318	2377.439999	628361.166908	5665707.336084	2194.559999	627746.942363	5665098.470211	1828.799999
628470.646704	5664464.919663	1889.759999	628771.546927	5665187.859318	2377.439999	628361.166908	5665707.336084	2194.559999	627935.351302	5664478.964237	1737.359999
628470.646704	5664464.919663	1889.759999	628853.267682	5664306.026111	2194.559999	628686.441579	5663642.174949	1767.839999	627935.351302	5664478.964237	1737.359999
628470.646704	5664464.919663	1889.759999	628853.267682	5664306.026111	2194.559999	628686.441579	5663642.174949	1767.839999	628202.581556	5663781.093469	1706.879999
628470.646704	5664464.919663	1889.759999	628853.267682	5664306.026111	2194.559999	628686.441579	5663642.174949	1767.839999	628323.026085	5663444.518356	1676.399999
629437.887697	5662086.843336	1645.920000	629591.336164	5663336.965679	2316.479999	628686.441579	5663642.174949	1767.839999	628323.026085	5663444.518356	1676.399999
629437.887697	5662086.843336	1645.920000	629591.336164	5663336.965679	2316.479999	628686.441579	5663642.174949	1767.839999	628457.070513	5663082.805477	1645.920000
629437.887697	5662086.843336	1645.920000	629591.336164	5663336.965679	2316.479999	628686.441579	5663642.174949	1767.839999	628625.049122	5662717.825789	1615.440000
629437.887697	5662086.843336	1645.920000	629591.336164	5663336.965679	2316.479999	628686.441579	5663642.174949	1767.839999	628852.702569	5662205.806371	1584.960000
629437.887697	5662086.843336	1645.920000	629591.336164	5663336.965679	2316.479999	628686.441579	5663642.174949	1767.839999	628990.552284	5661856.995679	1554.480000
629437.887697	5662086.843336	1645.920000	630140.850807	5661860.877953	2072.639999	630306.538025	5660020.527569	1463.040000	628990.552284	5661856.995679	1554.480000
629437.887697	5662086.843336	1645.920000	630140.850807	5661860.877953	2072.639999	630306.538025	5660020.527569	1463.040000	629055.629668	5661527.283098	1493.520000
629437.887697	5662086.843336	1645.920000	630140.850807	5661860.877953	2072.639999	630306.538025	5660020.527569	1463.040000	629196.720180	5661212.493416	1493.520000
629437.887697	5662086.843336	1645.920000	630140.850807	5661860.877953	2072.639999	630306.538025	5660020.527569	1463.040000	629596.217978	5660913.875967	1645.920000
629437.887697	5662086.843336	1645.920000	630140.850807	5661860.877953	2072.639999	630306.538025	5660020.527569	1463.040000	629614.596277	5660587.000848	1524.000000
629437.887697	5662086.843336	1645.920000	630140.850807	5661860.877953	2072.639999	630306.538025	5660020.527569	1463.040000	629866.739348	5659824.958950	1371.600000
631146.689406	5658620.975783	1310.640000	631795.422261	5658082.961907	1645.920000	632040.486217	5657414.181486	1432.560000	630914.938788	5658282.521571	1310.640000
631146.689406	5658620.975783	1310.640000	631795.422261	5658082.961907	1645.920000	632040.486217	5657414.181486	1432.560000	631210.299189	5657917.065390	1371.600000
631146.689406	5658620.975783	1310.640000	631795.422261	5658082.961907	1645.920000	632040.486217	5657414.181486	1432.560000	631606.837864	5657295.179521	1402.080000
633085.107708	5655144.708495	1615.440000	632954.059278	5656114.461538	1706.879999	632040.486217	5657414.181486	1432.560000	631852.424593	5657034.522863	1524.000000
633085.107708	5655144.708495	1615.440000	632954.059278	5656114.461538	1706.879999	632040.486217	5657414.181486	1432.560000	632189.459273	5656695.773113	1676.399999
633085.107708	5655144.708495	1615.440000	632954.059278	5656114.461538	1706.879999	632040.486217	5657414.181486	1432.560000	632706.759378	5656009.407606	1783.079999
633085.107708	5655144.708495	1615.440000	632954.059278	5656114.461538	1706.879999	632040.486217	5657414.181486	1432.560000	632854.337277	5655478.126999	1767.839999
633085.107708	5655144.708495	1615.440000	632954.059278	5656114.461538	1706.879999	632040.486217	5657414.181486	1432.560000	632866.224197	5655223.301345	1676.399999
633085.107708	5655144.708495	1615.440000	633451.158219	5654122.274439	1798.319999	633472.787124	5652839.051360	1554.480000	633065.973246	5654650.975822	1828.799999
633085.107708	5655144.708495	1615.440000	633451.158219	5654122.274439	1798.319999	633472.787124	5652839.051360	1554.480000	633234.935789	5654256.332555	1920.239999
633085.107708	5655144.708495	1615.440000	633451.158219	5654122.274439	1798.319999	633472.787124	5652839.051360	1554.480000	633301.125627	5653888.415851	1828.799999
633085.107708	5655144.708495	1615.440000	633451.158219	5654122.274439	1798.319999	633472.787124	5652839.051360	1554.480000	633322.425176	5653604.125805	1950.719999
633085.107708	5655144.708495	1615.440000	633451.158219	5654122.274439	1798.319999	633472.787124	5652839.051360	1554.480000	633297.814283	5653293.060556	1828.799999
633085.107708	5655144.708495	1615.440000	633451.158219	5654122.274439	1798.319999	633472.787124	5652839.051360	1554.480000	633229.639860	5653019.036632	1676.399999
633085.107708	5655144.708495	1615.440000	633451.158219	5654122.274439	1798.319999	633472.787124	5652839.051360	1554.480000	633265.734257	5652667.145105	1676.399999
633801.582116	5651785.855332	1676.399999	633753.865500	5652243.591037	1737.359999	633472.787124	5652839.051360	1554.480000	633441.987169	5652310.969754	1676.399999
633801.582116	5651785.855332	1676.399999	633753.865500	5652243.591037	1737.359999	633472.787124	5652839.051360	1554.480000	633579.728842	5652106.683113	1828.799999
633801.582116	5651785.855332	1676.399999	633753.865500	5652243.591037	1737.359999	633472.787124	5652839.051360	1554.480000	633579.728842	5652106.683113	1828.799999
633801.582116	5651785.855332	1676.399999	633753.865500	5652243.591037	1737.359999	633472.787124	5652839.051360	1554.480000	633666.307909	5651769.116132	1859.279999
