6071.6912	-477.6393	919.0441	-576.3965
39.2829	42.7934	-0.1767	-0.1576
302.4146	-5.6863	2.474	-4.5976
496.0818	93.5551	1.2989	-0.0157
703.3724	38.4401	-0.4475	2.5141
882.9541	64.5368	0.8075	-1.2528
1093.559	84.9892	-0.1503	0.0221
1311.0885	66.8583	1.1058	-0.1287
1494.0797	0.0968	-0.4433	-3.8198
1694.4051	5.7284	-0.7602	1.9227
1901.5031	28.0496	-1.5278	-0.203
2102.6879	68.1293	-0.248	0.9277
2239.9288	32.173	-0.4004	3.2533
2487.6379	90.9179	0.6544	-0.5885
2707.7976	69.8718	3.0332	1.8094
2892.7637	33.0519	-0.3241	-1.2814
3114.8108	86.0593	1.9491	-0.7707
3326.3728	151.7237	7.5459	-1.7586
3300.2531	35.8254	2.0153	-0.7845
3536.9459	52.0179	4.2865	1.4572
3699.4398	34.0453	-0.5258	-2.1765
4103.0963	89.6002	4.8951	1.8123
4281.996	19.5807	0.064	1.1462
4398.7528	62.7166	4.1853	-0.7571
4504.8645	9.032	2.8644	2.1761
4703.5275	33.3747	10.0634	3.4486
4898.0254	31.04	-2.1055	3.1484
4803.6402	145.2117	8.4797	26.5773
5903.3899	-465.5968	912.7497	-564.338
5907.8043	-344.9355	906.0514	-565.2319
6283.0044	-454.606	960.6726	-560.4136
6273.1903	-552.1543	971.9338	-561.7301
6454.1014	-465.8738	963.2138	-562.6151
6674.0006	-497.8323	971.435	-560.9867
6863.052	-500.0666	967.8656	-560.5743
7070.9763	-477.1722	971.9466	-563.9454
7307.681	-465.5087	969.3582	-561.3627
7466.8588	-560.9855	971.9317	-564.8843
7709.1305	-509.8214	967.3589	-566.4734
7882.6524	-502.2414	972.1542	-565.3722
8053.9348	-516.3365	972.7113	-558.9162
8319.1571	-485.1536	969.8598	-558.8558
8470.0052	-556.9691	974.6336	-560.4133
8582.7738	-522.1705	967.7298	-560.8702
8670.5951	-559.8652	969.5992	-562.2578
8874.5119	-531.5208	971.1414	-565.6579
9072.416	-477.4039	972.0097	-560.9765
9419.6207	-502.1287	974.9258	-562.8702
9416.8187	-371.734	971.6626	-556.1401
9558.134	-500.2815	972.0707	-561.4349
9671.8144	-550.3296	975.7213	-556.3869
9768.8173	-454.7494	970.9335	-560.6466
9911.4056	-521.3634	970.7442	-562.1534
10082.5406	-494.5647	975.5834	-561.1383
10459.7673	-528.9041	972.3288	-558.6557
10674.8179	-555.2095	973.6091	-561.249
10880.9741	-497.6504	973.3061	-563.5979
36.2098	182.378	0.7325	-1.8581
159.7751	66.369	0.8011	-0.1532
301.0741	112.071	0.6503	1.1815
500.4128	288.9422	2.2376	1.5395
668.958	170.4007	-0.2899	-1.0772
789.8857	171.2425	2.0703	1.5867
791.4525	266.4585	4.9466	3.7634
908.9932	236.2333	3.2291	1.7444
1026.6068	248.984	0.3995	2.5696
1241.0317	221.3534	3.3002	1.8382
1409.2449	181.2545	2.467	2.4567
1455.9331	93.9105	2.32	3.2739
1594.1162	71.0679	2.5904	2.0479
1776.3497	87.5448	2.1078	-0.2609
1959.7152	179.475	5.9649	1.2816
2280.0855	161.9282	4.2242	0.5355
2331.5949	26.0705	-0.4509	0.166
2399.7621	235.5349	4.8632	1.2167
2629.0879	254.0084	5.9705	3.6193
2804.8816	235.2228	2.2792	1.1052
2951.0344	168.1116	8.8608	5.505
3046.9541	263.625	7.5256	3.3595
3446.3434	167.4585	7.6713	2.4884
3417.4638	47.3455	2.3361	1.4778
3636.8178	217.605	8.0074	1.9163
3784.5355	128.3997	5.0255	0.9037
3905.341	35.5613	1.1583	0.2274
3965.8583	188.7007	5.2743	0.9263
4059.2228	273.1661	8.5767	2.1049
4284.6857	116.0317	3.4004	1.0275
4238.3716	227.6343	9.577	2.5951
4380.7373	202.9371	8.4123	3.8885
4573.0062	168.3302	10.7419	1.2283
4729.3546	244.5973	2.6763	35.1586
5816.2233	-425.2548	906.3906	-571.627
5730.2038	-337.959	877.1734	-587.458
6207.0442	-378.9976	919.3678	-576.467
6321.5841	-255.0164	924.1087	-577.7852
6486.9184	-303.0132	934.5413	-560.0654
6602.2906	-343.5314	935.8531	-569.3689
6782.0828	-364.238	971.0573	-557.1761
6841.64	-246.5859	944.4399	-578.3307
6925.2805	-337.9899	968.3249	-562.106
7380.6378	-262.5109	965.6276	-558.9557
7545.9382	-412.2327	969.8499	-560.3567
7766.9212	-312.6243	966.7982	-558.7442
8009.8867	-322.6874	966.0073	-558.9721
8163.2815	-440.8047	967.4631	-562.318
8446.9956	-350.9788	970.4145	-560.7437
8504.7539	-475.7948	969.7561	-560.3635
8603.6631	-407.175	967.4487	-559.7123
8742.7319	-466.9971	972.7933	-562.8824
8884.0262	-335.3386	972.0687	-558.465
9224.3472	-376.2325	969.0736	-561.632
9269.7871	-520.1952	973.6793	-560.6892
9528.2928	-359.8378	968.4767	-562.1591
9635.23	-413.6269	971.3517	-559.1672
9686.2347	-282.8478	971.4537	-561.2625
9923.9486	-382.0215	969.3211	-560.3827
10040.0814	-357.2218	969.5729	-560.9933
10182.7267	-326.5376	972.5372	-560.9205
10274.2134	-498.3974	971.0205	-563.5552
10584.2084	-472.8917	971.2832	-562.0582
10728.1454	-445.0334	975.904	-560.9496
10918.7933	-329.057	973.2284	-559.7533
61.6815	349.8755	0.0219	-0.3501
189.5362	237.2154	-1.5966	1.9959
363.0515	240.9098	1.4489	1.0941
384.4765	381.7203	-0.4927	0.1919
663.4513	335.9113	3.479	2.9762
849.0112	394.7738	4.0657	-0.3193
985.2788	337.6901	5.0014	3.3368
1121.3488	237.1216	0.385	4.9638
1278.9605	335.9536	6.4187	1.2737
1353.5764	263.1617	3.9029	3.1683
1508.6225	171.5784	3.3175	1.1957
1660.708	246.4757	2.3129	1.9564
1825.4373	200.0885	9.1358	1.4371
2118.3964	270.2915	2.4357	4.0074
2301.2159	307.8769	10.2712	4.3554
2411.4164	352.746	10.6935	1.1382
2533.3393	367.2394	9.3779	6.1907
2488.9089	262.9996	5.3986	-2.4261
2648.5393	415.5754	11.8834	2.1778
2797.2469	407.0523	12.2739	3.8518
2934.9868	348.933	12.8033	2.034
3239.9396	297.3483	9.3178	0.4781
3473.6529	284.3366	9.3213	1.5819
3548.9472	385.6012	10.7525	6.1497
3669.8862	389.5534	10.604	2.3877
3824.2332	246.2773	7.7662	1.8058
3882.5852	146.5111	7.0585	0.731
3940.2611	281.7004	8.0444	1.8003
4018.0458	413.6301	14.1101	5.3724
4186.2805	388.1183	13.8584	4.7957
4343.7746	331.4561	14.3287	3.472
4487.6007	344.683	14.7683	6.267
5583.6301	-200.5261	884.5069	-572.3244
5853.1276	-239.1273	902.0362	-564.4515
5756.9496	-223.0501	890.3646	-587.0434
6074.803	-239.4995	917.8344	-576.7081
6374.3189	-63.8562	920.2524	-575.3167
6546.9123	-149.8359	928.3136	-566.4068
6716.8408	-248.9462	939.2784	-567.9187
7156.5653	-270.6801	961.0591	-560.4326
7274.8491	-74.1664	957.2799	-562.1492
7574.583	-174.7342	965.1762	-562.6553
7891.5122	-106.6062	961.6545	-558.592
8139.3329	-119.8693	965.4046	-559.5826
8256.9547	-296.8839	965.0203	-558.2972
8483.7782	-146.798	965.663	-558.7172
8577.31	-288.1373	967.8472	-558.8766
8696.9356	-300.7475	969.3165	-560.7265
8864.8427	-155.1551	965.791	-561.5496
8980.2613	-202.3674	967.4553	-559.251
9069.2561	-286.1998	967.3989	-559.799
9334.7533	-419.9024	973.3099	-561.5157
9339.5863	-318.9377	973.6893	-557.0691
9406.983	-248.259	955.6793	-532.3084
9524.9185	-215.8301	966.7934	-558.6845
9641.8716	-121.1593	969.1504	-556.4312
9824.4738	-315.3883	968.8729	-558.9742
9985.152	-197.9448	970.9003	-558.9775
10301.5789	-178.5788	971.5725	-561.883
10433.6761	-346.8431	972.9779	-561.7874
10562.522	-209.3981	972.1907	-560.4368
10632.9049	-333.8862	973.2486	-561.2376
10778.0163	-309.1871	973.0744	-560.4862
10947.2408	-209.373	976.9309	-561.6122
70.5765	497.3757	0.3765	-1.1949
223.4298	419.6162	2.6654	-1.128
414.2928	526.4304	1.6672	2.5613
526.4665	432.0179	4.5136	0.596
851.9688	544.0107	3.9771	3.5689
831.5622	636.2439	4.0512	2.8749
1021.2775	535.3245	5.3736	4.0919
1132.4712	357.6756	5.3405	0.6512
1371.9725	359.9357	6.4207	2.5945
1470.4081	288.0014	3.9572	0.8194
1729.7088	424.5983	9.0386	2.0614
1866.6626	339.4687	4.6985	3.0065
2042.8936	476.4794	8.4599	3.5939
2226.0681	393.5476	10.4392	-1.7673
2337.1406	448.6326	11.8384	4.7635
2485.3142	533.692	11.8858	5.8887
2780.1849	551.8719	15.7088	5.426
2898.9428	556.6122	15.9918	4.9327
2935.2768	468.2394	14.2152	3.1927
3072.8605	394.319	14.6441	1.1006
3177.3937	453.9335	16.0872	4.3028
3406.5369	386.3826	10.8794	1.4799
3489.2385	510.8851	16.4506	5.9506
3631.0269	504.7974	17.5218	3.2129
3758.8741	348.5955	13.3011	4.0277
3876.2604	379.9165	12.8935	3.0304
3889.5492	496.9746	20.7113	5.1188
4159.8088	524.2265	25.2656	8.0205
4228.3643	622.9662	38.111	3.9019
4389.4079	516.2318	39.5331	3.6083
5414.1122	-107.1729	876.9629	-573.4339
5785.5776	-61.4412	891.663	-585.8363
5919.0546	-170.9856	914.0862	-573.0067
5979.6861	-96.5439	916.9789	-577.75
6201.0061	-67.5336	916.2227	-576.9917
6636.8697	40.7553	929.8071	-570.6779
6770.9076	-99.1074	935.0347	-566.6465
6969.7611	-201.8262	956.0198	-565.0063
6940.1307	-55.7997	944.0207	-566.1905
7079.787	-99.2524	954.2954	-561.1369
7480.7288	48.0841	956.6536	-559.9266
7642.6446	-16.6778	959.2183	-558.6053
7720.2067	-88.0706	961.3632	-558.8285
7754.6272	28.4437	959.7228	-559.5908
8021.4075	35.0824	958.1801	-558.1077
8177.2203	52.1595	959.2644	-555.8251
8315.287	-7.3273	959.3247	-559.3
8309.0551	-157.2748	964.9314	-558.978
8460.6128	13.7735	961.7929	-559.4726
8603.1431	37.0637	961.8675	-558.4734
8699.185	-131.8819	964.7591	-558.4097
8982.3313	-84.8507	960.6897	-559.8866
9069.0677	-162.0597	966.3037	-555.633
9233.5066	-183.3274	966.6768	-557.7701
9413.5125	-124.2705	967.0555	-557.3975
9526.7812	-97.9402	965.2667	-558.7329
9649.8543	18.1583	967.3071	-558.369
9815.9238	-219.0964	970.3498	-559.2766
9799.2019	-74.5669	968.495	-559.5473
10119.0109	-90.8289	971.1869	-559.9514
10155.2747	-181.5564	970.7796	-560.9557
10398.6743	-9.5799	970.8499	-560.0614
10449.1209	-172.2496	974.2806	-560.8985
10511.2121	-103.0547	969.768	-562.8115
10616.0635	-105.0625	975.4205	-560.508
10704.8932	-187.1314	972.7151	-561.9686
10843.9407	-145.1391	973.0694	-562.0462
62.6087	646.2801	1.26	1.8726
254.3101	632.5144	0.4676	0.2418
682.1312	546.1303	3.4012	1.5543
936.0264	696.797	6.3301	-1.0415
1080.1255	721.7003	5.8755	1.8983
1281.2174	509.6227	5.2709	2.8928
1462.6153	441.6033	7.3023	3.2807
1557.4432	375.6991	4.9156	4.5793
1599.6675	484.5154	5.6632	3.4125
1719.1425	565.5093	7.271	0.8345
1849.858	498.6782	7.7181	-0.1351
2097.2717	691.5714	10.8943	3.0717
2246.7673	563.1803	10.471	5.095
2497.3047	721.2582	17.2583	2.174
2659.653	524.0467	14.45	-2.8696
2877.2196	725.823	17.994	5.1396
3068.6177	585.1087	17.6441	6.9906
3308.9898	557.609	18.2134	4.5258
3468.8327	628.1214	22.4173	7.1368
3564.2842	605.7656	21.7982	4.2651
3730.1641	615.0545	26.097	4.8141
3771.7218	472.6718	20.0947	3.4249
4017.4291	607.0898	26.3262	5.7773
4365.6751	731.225	38.0377	5.6248
5380.6761	6.8455	876.4915	-570.6918
5554.4338	41.3168	884.9514	-571.4869
5799.9761	173.5068	889.4883	-584.8285
5978.5151	22.1271	904.8228	-579.8433
6120.3477	77.9585	910.2889	-576.8995
6315.2247	120.4612	912.9053	-575.9055
6706.5409	194.3378	929.7003	-570.7866
6833.8188	79.8948	933.1835	-568.2194
7069.4169	89.1566	937.0711	-564.1367
7296.4321	108.8447	955.3402	-560.5347
7221.2723	226.265	943.0319	-562.0709
7605.8178	198.0762	954.4096	-558.4179
7645.5848	80.5063	956.7135	-560.2959
7715.2441	147.2836	954.9868	-559.4802
7882.9385	170.5588	955.6057	-557.3873
8103.9083	181.4966	957.1877	-556.808
8269.0332	150.7259	957.8324	-558.4155
8440.7481	152.0398	961.1163	-557.5143
8581.4309	185.9591	958.8983	-557.893
8704.5253	173.2077	960.7036	-551.2748
8838.4798	35.7853	961.0059	-558.7277
9126.6066	38.7737	964.3415	-556.2514
9480.3265	33.4149	966.0016	-557.5129
9603.7794	210.245	965.9504	-557.5145
9766.5982	95.8274	965.6354	-558.7373
9938.5699	-31.9532	967.9843	-558.8885
10036.4717	-39.0685	969.9496	-559.2602
10108.6554	19.5215	967.9634	-558.9546
10223.4144	-33.7318	970.9153	-560.8084
10276.6901	76.0795	969.7964	-556.2363
10569.3479	5.1551	970.6943	-560.346
10710.7658	-38.7859	971.2063	-560.4585
10830.5697	-24.5761	972.5665	-561.096
10938.7608	20.8578	973.2252	-565.7309
41.3799	790.407	0.555	-0.4885
186.0408	814.3688	0.4229	-0.1053
334.7221	807.7019	3.789	1.208
497.2749	702.2396	3.5988	1.1583
750.2941	724.0252	5.5114	3.03
865.8946	847.5361	5.6161	4.1453
1161.6216	630.6137	8.5119	4.9568
1276.3003	749.2814	8.3959	2.2788
1490.9732	637.8248	7.0132	3.6613
1681.2956	702.9799	10.5148	4.6219
1878.2709	687.2271	10.8247	3.817
1961.1447	856.0755	9.4119	2.532
2306.4978	761.748	12.3424	3.3815
2660.1276	671.0584	15.2377	4.4609
2586.8272	788.8742	14.8655	1.0928
2827.3037	948.8072	22.5375	0.2654
3071.0258	767.0432	22.4411	1.3342
3304.8612	793.1019	20.6366	4.3665
3206.0255	723.0584	18.7866	4.2311
3412.1985	735.0891	26.1593	9.6067
3534.0754	699.4253	27.8345	5.6264
3628.5286	677.3734	28.4801	2.765
3712.864	760.872	28.486	5.9494
3847.2678	580.7579	27.4959	6.5581
3848.0127	704.0665	28.2863	6.9296
3966.4876	793.9023	32.9867	7.1345
4163.5961	802.6512	37.1039	5.9393
4764.293	364.0402	275.711	-327.1898
5629.1083	198.9273	885.129	-565.0001
5206.9619	-1.5283	609.4428	-847.4733
6027.8677	306.495	900.4	-579.3828
6000.5787	165.9171	899.731	-579.6888
6148.1292	220.2935	908.8025	-575.9463
6519.9459	194.3321	917.1906	-575.8099
6784.54	316.2808	927.6405	-570.4203
6904.1599	233.4944	935.8604	-563.2553
6894.6928	366.8653	929.8501	-572.0703
7063.8731	327.8303	934.1146	-565.5702
7345.5544	214.1198	948.4588	-560.358
7462.8655	239.6344	951.0342	-556.0987
7565.5284	362.7726	950.1184	-559.7689
7720.3968	286.2387	952.016	-558.3026
7847.3564	361.2301	953.6509	-558.0949
7994.0068	298.9664	955.025	-556.9426
8104.4472	348.4338	954.6502	-556.1815
8238.8438	289.3957	955.4622	-557.3242
8386.6243	311.418	956.4467	-557.4947
8507.0776	279.7062	957.0021	-556.3964
8647.758	317.3853	956.4728	-557.9686
8868.3925	274.4274	960.4614	-556.2345
9087.8106	248.2528	962.273	-558.003
9316.1239	-14.0817	964.4659	-558.9337
9320.4943	179.4871	962.4108	-556.9132
9802.1154	237.3173	966.1631	-557.0235
9880.6194	141.8827	967.2891	-557.4261
9880.6715	46.5172	968.0519	-557.7913
9999.7597	74.1402	969.2158	-559.9123
10182.5505	78.3813	969.235	-560.7209
10357.8955	156.3795	970.668	-559.4942
10498.814	132.7986	970.0957	-559.5936
10618.8648	109.479	970.9298	-562.2021
10784.6104	141.8652	972.3766	-560.8201
92.6174	984.936	1.1159	1.2788
278.2764	939.7998	1.4484	-0.7565
421.8624	916.8576	1.6906	0.2606
559.8114	884.902	4.3658	-0.1362
695.8663	853.2128	3.4811	2.0537
771.9803	953.4143	5.3401	1.703
1033.8721	860.8353	6.1334	2.6975
1170.9084	909.3993	6.0543	7.264
1324.6272	920.1616	7.9266	5.2186
1460.6489	855.9841	8.324	5.0368
1587.3498	779.1434	8.5845	3.9612
1689.2094	819.7124	9.8252	3.8245
1803.9859	866.8547	10.9761	4.771
1889.9456	954.3716	11.5449	3.5952
2005.1597	995.253	12.6804	3.1514
2134.969	888.5039	15.9246	4.5127
2488.9642	923.4818	17.7697	5.3174
2864.1076	1049.423	24.8308	7.0455
2998.5763	946.1175	25.0554	6.005
3181.6864	868.4148	28.7548	5.9025
3318.0756	911.5661	32.7377	3.6063
3422.5964	858.9127	33.4994	9.8281
3536.233	818.8538	32.9446	5.8768
3670.1916	920.937	37.0913	6.0105
3830.5757	849.383	32.9626	6.4049
3950.6751	910.7866	44.8818	9.5087
4086.2672	1018.7157	48.7102	9.789
4323.7131	876.156	127.838	-77.8733
4655.1756	310.1427	230.5247	-526.0021
4750.9786	512.1979	454.7985	-378.1903
5359.196	153.0747	609.8307	-848.3893
5669.207	290.1945	898.5626	-567.4011
5856.5586	404.5873	890.1025	-583.6994
6168.3206	360.8374	903.3475	-576.4241
6270.3338	288.6468	903.6193	-577.4714
6379.1409	280.4292	908.6835	-575.8419
6465.0576	329.4141	909.2321	-577.5954
6631.9438	319.4726	919.5363	-575.0853
6851.9766	454.466	919.5625	-577.5371
6952.1613	452.7058	930.0032	-565.5006
7041.4393	494.5418	934.7227	-566.1073
7164.339	485.8618	937.0818	-567.6114
7333.6732	385.0768	941.9184	-561.3588
7480.9243	516.5322	940.7814	-559.2204
7604.147	498.4308	944.5605	-556.4265
7720.8873	442.0038	950.404	-557.3248
7867.6979	481.3256	948.7824	-556.4282
7976.4067	420.8846	949.7805	-557.2087
8120.76	492.0034	949.5629	-555.1739
8206.8889	408.1606	952.9755	-555.7326
8298.8935	394.8676	953.5306	-555.7245
8500.1759	402.0587	954.8978	-555.666
8646.1043	533.652	953.3091	-554.585
8766.5867	410.3875	958.2855	-555.4336
9012.0389	432.1595	956.8074	-554.3323
9186.7374	428.4401	959.2397	-555.4711
9214.0111	309.8101	960.0441	-558.6888
9450.4439	292.4795	963.989	-557.4473
9602.6237	407.0185	961.9559	-556.562
9719.9059	328.6809	965.0765	-558.2656
9830.2707	380.2924	965.1166	-554.9819
9937.6537	324.8658	968.9835	-559.4881
9971.5687	217.4181	967.6764	-557.5812
10109.9964	171.6043	968.4425	-558.427
10232.9415	162.9485	968.684	-558.7008
10448.9192	295.2154	970.9685	-561.2326
10610.2999	230.3586	971.6609	-560.9997
10746.6334	386.2461	972.6743	-561.3504
10915.5375	282.3262	974.4551	-558.6113
38.8548	1171.6693	-0.1235	-1.0283
232.9944	1181.2026	2.5195	-0.9083
371.5283	1053.9553	0.1057	2.6735
519.6162	1029.8121	3.3981	0.6419
660.0391	991.4013	5.0882	2.3605
864.3564	991.6351	6.6762	4.8631
958.7023	958.7639	7.4379	2.8425
1069.669	1005.1602	7.6451	2.7405
1337.145	1040.8646	9.7722	5.5348
1420.9902	993.5491	8.0775	4.0505
1571.7727	1011.83	10.66	3.0816
1604.9009	869.8591	8.995	2.3987
1690.5733	912.7152	12.1441	1.976
1767.4075	1031.2633	12.1326	3.5409
2179.9008	1057.5498	21.2586	3.6069
2324.824	1095.7072	20.9657	4.3814
2290.6557	955.2771	14.7818	3.5709
2695.3994	1061.6539	22.6136	4.6185
2954.0047	1133.6257	30.8679	4.2244
3123.4785	1129.6438	31.1028	3.8889
3168.9748	989.1187	29.0445	4.4075
3276.7566	1051.0273	31.0747	5.8692
3477.604	1025.098	35.6648	6.1231
3664.0359	1096.9348	41.7688	7.4871
3848.4983	1044.0438	44.0701	7.5222
4570.7424	688.879	406.1791	-517.2484
4766.7219	660.1763	493.1581	-385.7404
5030.0328	134.4743	599.64	-849.5904
5187.0628	186.686	602.7985	-852.2065
5509.9276	231.0739	659.5781	-904.9667
6087.389	555.3881	897.7231	-582.3772
6169.8016	487.0212	902.591	-587.7159
6049.0743	449.0209	895.7542	-579.5231
6340.4615	447.8349	906.7673	-578.8925
6535.4929	429.4126	910.0863	-577.8053
6707.2324	467.9391	915.2175	-575.2098
6826.4311	552.4317	916.0435	-575.1023
6924.5802	543.2953	920.9519	-567.4015
7027.0061	610.1683	923.8815	-566.764
7268.0224	543.6064	935.3336	-562.4865
7304.4278	626.5881	930.4089	-563.6474
7366.6141	553.1293	937.8671	-560.5074
7580.49	589.5786	944.8928	-558.7883
7655.1011	653.7279	942.9716	-555.5087
7673.4703	560.7229	946.4401	-554.632
7790.3424	574.2024	949.4445	-556.5515
7974.9413	615.3735	947.3068	-556.4692
8172.79	625.5802	948.5922	-557.0375
8268.024	512.4343	949.5739	-555.5126
8382.9332	436.7255	954.1875	-557.1254
8448.7883	537.5605	950.9513	-555.1441
8797.7477	605.1019	951.8452	-557.6941
8853.7258	495.4845	957.9914	-555.6362
8955.9827	567.9597	957.9641	-554.0436
9126.7036	609.5363	957.6431	-557.8494
9323.1892	364.0287	961.9048	-559.7216
9459.1228	413.8951	962.9058	-557.0318
9722.8007	423.299	964.7153	-558.4242
9675.2178	505.4694	960.134	-558.1672
9940.1457	539.8153	961.8603	-556.9081
9942.2404	421.4489	966.9832	-558.6312
10102.981	363.2181	969.0217	-559.0873
10274.6221	277.0627	967.2025	-558.1345
10272.5421	393.4876	969.3214	-561.2934
10580.2872	346.7958	968.5567	-558.4522
10554.8488	457.3037	967.4525	-561.7964
10936.7324	420.5637	972.6854	-564.2193
69.7876	1310.8825	0.9412	1.4013
189.1041	1342.9969	4.47	1.6169
470.7517	1222.1416	2.7548	1.9324
642.2779	1129.5915	3.8647	1.8735
779.6601	1077.801	4.537	3.2485
943.0112	1080.1976	8.2071	2.7291
1215.5117	1037.553	8.9191	0.707
1436.7808	1113.513	11.4606	3.8079
1531.8478	1226.3463	12.3091	4.334
1656.7899	1158.0742	12.107	4.6531
1796.3852	1197.19	12.4335	2.3721
1914.917	1108.9842	13.7464	5.1626
2039.5058	1108.4636	14.6689	3.6602
2112.057	1173.3424	19.2492	4.0903
2490.5155	1135.1071	23.2249	4.4567
2714.8903	854.6201	20.1291	2.438
2624.9197	1202.7271	28.3883	1.8223
2834.689	1169.1606	27.5894	2.2147
2922.0127	1324.984	31.7782	4.3532
3112.0005	1302.4048	33.916	4.651
3265.5484	1166.3249	33.6741	3.2954
3443.2911	1195.2992	36.908	3.2419
3359.1803	1144.7658	35.0692	4.5397
3567.8798	1203.0857	39.1721	4.5856
3766.6177	1269.4293	44.0212	7.3308
3993.2498	1208.9527	52.6048	7.326
4141.0867	1185.1362	107.5845	-126.786
4568.0024	523.0987	238.4065	-726.8581
4626.3881	421.7653	241.6864	-723.7858
5092.8091	270.0089	584.6486	-867.14
5271.2071	351.7335	603.6738	-855.5238
5933.0377	633.4711	890.9154	-587.2528
6221.6388	659.6627	903.7404	-581.3723
6411.9278	632.3909	906.2549	-580.0636
6488.4399	539.8214	909.6426	-579.2461
6587.3545	541.0814	913.5608	-577.8218
6729.2193	662.6801	913.5083	-574.8049
6885.7103	632.1515	914.0569	-571.6547
6954.5519	704.5261	916.2882	-571.2556
7080.0338	747.0256	924.0076	-564.4307
7173.6967	632.3721	927.5242	-560.6986
7424.5851	658.9874	929.7861	-558.7845
7546.7264	679.0488	929.8142	-561.4602
7623.0793	742.6678	929.9068	-559.6802
7759.3337	720.9491	944.0947	-554.7717
7877.7547	752.7898	945.3408	-557.5955
7822.0925	833.1346	931.2699	-561.0496
8064.1154	756.7837	945.8212	-557.1052
8203.2379	794.4063	946.007	-555.1888
8340.1596	664.9002	948.0389	-555.2224
8511.6902	670.7814	951.9004	-555.255
8722.4616	705.3794	952.842	-555.6803
8910.6683	733.5136	951.8558	-556.025
9098.1775	798.4068	957.0398	-551.9311
9324.9987	534.4616	957.5922	-553.5529
9532.4515	593.6955	959.0884	-555.4904
9797.5883	520.4588	962.5248	-555.3555
9703.1472	599.3864	959.6409	-558.5854
10086.9458	558.8157	965.3296	-558.7604
9998.2827	645.1638	962.6161	-556.786
10224.792	508.733	966.2698	-559.223
10391.4191	482.4893	970.27	-557.5357
10489.6229	615.8686	968.4459	-558.5085
10659.6244	592.2305	973.0825	-559.9583
120.2297	1493.5399	0.7445	-0.0191
304.7222	1367.7671	4.2826	-0.8087
441.3891	1409.3093	3.6806	-1.225
558.6299	1369.3546	4.94	0.0045
661.1331	1269.8961	4.9234	1.6445
859.4009	1256.0644	7.888	2.7021
1101.1223	1197.3586	9.6455	3.4824
1297.0268	1160.5097	10.197	3.222
1450.8786	1311.9003	11.6156	3.7747
1676.7723	1323.9977	13.2658	4.1082
2001.9948	1223.2288	20.3632	4.5244
2116.6283	1295.9022	17.3778	2.947
2228.7661	1199.0146	21.7569	3.2961
2364.8694	1249.4279	22.3672	5.1916
2538.1933	1344.76	25.1484	4.549
2736.0197	1246.7	25.3942	4.1248
2738.8822	1384.8949	31.6362	3.5531
3032.184	1491.475	37.061	2.3748
3228.7196	1346.1121	36.6919	5.3112
3217.6401	1248.0823	34.9583	4.6328
3157.2724	1414.4565	35.3076	3.0777
3339.6821	1263.3742	37.3863	2.9703
3599.2556	1323.4733	40.9042	6.407
3475.0033	1316.6678	38.8424	4.2203
3964.2378	1393.2898	54.9282	6.2495
4256.7925	951.1167	260.1535	-555.0316
4685.1502	894.3351	404.0582	-517.044
4924.5248	301.3267	455.7464	-996.3214
5072.7516	392.5771	462.077	-1003.3077
5357.6624	515.3992	605.0549	-862.9359
6064.5684	838.3341	892.7144	-593.078
6271.5441	845.291	905.8149	-583.5709
6469.707	823.7686	909.8859	-577.7305
6560.6663	654.6925	911.8863	-578.255
6669.1696	822.9916	911.845	-574.8389
6791.8411	798.6352	912.4274	-574.1408
6858.5091	725.0937	913.7483	-573.2823
6938.7987	847.4891	915.5411	-571.9882
7271.5517	788.8323	925.8425	-563.7973
7494.2697	816.5328	929.5993	-559.156
7680.1577	874.8948	929.3847	-560.1512
7920.9297	870.4352	936.8905	-557.8345
7970.5955	785.3909	945.3135	-557.0861
8158.2531	928.8962	940.506	-552.358
8316.2747	983.3905	939.2807	-554.0325
8351.4986	813.1544	946.9501	-554.5057
8441.4396	770.6287	947.8474	-557.1076
8598.7429	785.6338	949.7507	-551.7664
8752.8833	820.5822	946.5167	-554.4945
8838.49	939.01	950.3701	-556.352
9007.7672	907.2984	952.3796	-555.8196
9241.7093	772.1673	955.9378	-554.7579
9368.0779	696.792	958.0815	-556.7131
9566.9071	778.9604	959.7208	-557.5152
9689.491	800.9675	960.1985	-556.3697
9664.3364	705.5443	959.5357	-555.3568
9838.0869	708.9215	961.3298	-555.298
10007.2293	740.6668	962.5522	-556.1289
10087.1885	686.3279	963.6961	-556.599
10202.7346	649.0636	966.7578	-557.5984
10347.8067	647.7385	967.3033	-559.4934
10568.8283	707.0989	971.6923	-561.5155
10706.6293	756.4593	970.5069	-558.4093
10871.3889	602.1108	973.1986	-561.7628
38.7296	1645.3479	1.2783	0.7554
155.2752	1679.6729	0.7831	2.8956
337.3384	1549.2549	2.8366	1.3995
528.0852	1526.023	5.4691	2.405
711.3275	1454.2926	7.7985	2.0803
928.4346	1463.1924	9.2573	3.9158
1012.0502	1345.4975	7.3856	4.4266
1286.6618	1357.3209	10.6357	4.7127
1401.5774	1228.7937	10.894	4.165
1508.4676	1470.1845	12.7556	3.8406
1805.573	1397.2853	11.9965	4.4916
1887.3786	1311.3142	15.3316	5.4193
2007.1786	1346.7854	18.2656	-0.8158
2255.5132	1347.6158	22.4571	6.1706
2299.519	1463.1346	23.7135	5.1119
2371.08	1370.2703	24.3927	2.5742
2412.7932	1459.7299	27.1982	5.0135
2509.4379	1533.8807	26.67	3.5162
2651.2409	1491.4121	27.9701	1.3143
2840.0608	1553.8788	34.1762	3.2456
3194.3268	1556.5759	38.812	2.4228
3348.3604	1433.8382	41.732	3.4776
3516.5849	1455.6102	43.083	3.6285
3614.3863	1541.294	49.8733	6.5407
3661.7521	1431.2274	47.4864	6.4751
3925.3582	1550.8098	60.0586	5.3683
4477.0652	863.598	393.1421	-555.4908
4738.0197	1080.9536	402.3474	-510.5572
4938.8686	500.4359	457.525	-1001.8452
5560.3308	535.2762	625.8372	-905.5879
5478.7043	366.6506	627.0535	-906.1436
5740.9408	604.9779	683.3248	-986.2768
6202.421	975.7264	903.7505	-603.2901
6347.3501	972.7725	908.5682	-578.7927
6499.1135	993.1008	912.9759	-578.6598
6615.8327	960.332	911.3657	-575.0647
6780.9176	921.9073	913.1854	-574.3608
6915.8415	1037.0111	914.6401	-571.0232
7042.0242	956.1498	912.2368	-566.1534
7090.8382	870.0254	918.8872	-562.7331
7175.4757	959.4403	920.9842	-564.2113
7374.8359	973.9675	925.2562	-558.9713
7543.2236	981.1167	927.0746	-559.2916
7832.0889	955.2587	930.6343	-559.1998
7953.7555	963.975	933.4119	-557.1754
8045.0962	880.9012	938.6768	-554.4754
8086.6425	1073.3219	934.8313	-556.2479
8506.5773	1026.6036	941.567	-553.9627
8488.3906	883.4045	942.9868	-553.8703
8668.4776	912.4422	948.6725	-550.5728
8853.2889	1085.9745	948.2755	-556.4002
8969.5644	1047.855	949.3901	-554.2844
9179.6298	931.7693	952.8922	-556.3392
9291.7358	1057.7646	955.622	-554.2454
9401.3779	892.0573	956.7444	-554.171
9610.8405	917.1011	959.1362	-553.9418
9785.7404	914.3919	960.5632	-556.816
9979.1626	880.4756	961.9026	-556.6436
10095.9782	786.0434	964.4875	-555.8412
10263.7086	826.1015	965.9592	-559.5651
10448.4876	757.7348	966.8118	-558.6784
10577.4344	827.698	967.9598	-559.7569
10881.2297	839.6676	970.719	-561.3347
46.4644	1769.2549	4.0902	-0.2213
294.6694	1716.6365	4.0025	0.6479
489.7767	1712.4064	5.076	0.0556
624.493	1604.7585	7.3165	2.4308
738.2665	1640.7426	5.3676	-0.5108
842.4991	1581.023	10.0107	5.5891
954.3321	1634.0417	11.593	3.7634
1113.2251	1367.2039	11.63	2.9481
1128.4816	1537.5011	10.9119	3.2912
1327.7375	1548.6319	11.8851	3.9776
1523.4998	1643.2402	14.364	4.41
1725.8388	1513.6941	16.3181	6.0354
1932.8448	1447.6189	21.4811	3.6457
2126.7009	1491.4246	23.473	4.9857
2191.9442	1673.382	27.0894	5.2342
2253.9344	1602.1186	25.5506	2.9829
2366.9588	1571.3373	27.2705	6.7406
2634.186	1627.6154	33.0886	7.1116
2874.2887	1745.0359	36.3804	3.9971
3031.1554	1667.2875	38.8204	2.5
3223.0459	1774.6779	40.7547	1.7342
3386.2098	1626.7325	43.9755	3.1619
3522.8716	1574.8423	46.4936	3.7754
3805.9045	1461.9244	52.5373	6.6803
3956.8187	1683.4238	69.3746	-0.7386
4330.6392	1045.7036	358.6169	-554.8008
4503.064	1059.9642	364.1812	-546.489
5148.8518	667.6348	466.2481	-976.2612
5032.3778	645.127	467.749	-978.1372
5087.3805	516.4653	457.8759	-1002.9608
5210.0619	536.8963	456.4089	-983.2238
5376.973	696.7295	497.7802	-974.6396
5898.1146	801.1129	718.0136	-803.0912
6276.5562	1076.6061	889.3963	-588.7896
6418.3957	1087.0611	906.9753	-581.971
6565.4096	1101.2422	911.8481	-574.277
6732.7228	1088.0021	913.3514	-574.1136
6848.001	1183.9794	913.1548	-571.06
6993.7213	1218.8968	914.0596	-565.9995
7083.5707	1072.6606	917.2047	-566.818
7249.8302	1113.8854	920.7985	-564.0814
7468.1709	1165.7192	924.6614	-560.4232
7700.9933	1095.104	929.2001	-558.7196
7893.4624	1091.4543	931.5954	-556.9257
7958.9348	1193.559	931.4043	-556.7547
8249.7466	1187.9326	937.1889	-555.1111
8422.9605	1175.1608	937.8585	-554.2472
8596.2986	1143.0713	940.5106	-554.2837
8622.09	1021.9374	941.4152	-553.9631
8733.6358	1070.7681	948.1161	-555.9796
8931.3703	1238.6527	946.0415	-554.7873
9121.6391	1118.0055	949.0097	-554.9759
9372.181	1137.9096	954.1224	-556.5529
9533.0614	1096.6974	955.7247	-555.539
9678.8421	1011.6781	957.6791	-557.745
9775.3525	1085.2495	957.8972	-552.9686
9916.5163	1038.6929	959.5882	-557.2939
10038.2168	1050.8721	959.0097	-560.5653
10127.9343	964.0422	965.4063	-558.2417
10280.8159	998.8188	967.4445	-558.0286
10452.3001	976.9905	967.2287	-560.304
10695.6492	981.6497	970.3859	-561.1415
10939.4683	1006.4474	969.1251	-558.8925
67.2826	1885.286	0.4016	0.0791
182.1699	1818.0649	3.3086	2.2697
276.3657	1915.7437	3.3036	-2.1246
352.8435	1824.7558	2.9257	2.9469
591.5924	1850.9729	3.3536	0.4331
681.4157	1771.1497	9.1863	2.8751
850.967	1773.3375	8.6458	2.2906
1061.9054	1689.9631	11.4672	2.6167
1186.8669	1771.1214	12.5991	4.0025
1254.8747	1641.4965	12.368	1.7066
1349.8694	1713.5414	15.4604	5.3416
1428.5283	1621.8859	13.9772	4.0028
1613.8996	1611.4947	14.391	5.6714
1701.5378	1654.2447	15.3383	4.0547
1811.7328	1627.9951	19.2499	3.5267
1867.4839	1548.9196	16.5002	2.0281
1969.3766	1563.9558	20.0579	2.2842
2046.0286	1697.0564	22.1967	5.1942
2308.526	1712.991	29.4877	2.2582
2481.6057	1697.5235	32.0399	3.4997
2684.364	1802.0754	36.662	3.141
2845.6922	1859.7259	40.1719	4.2321
3009.1373	1890.2909	39.4525	1.6788
3328.6283	1911.7172	44.4431	0.7583
3442.4167	1817.0071	46.4084	2.1218
3552.9144	1689.6538	47.2753	2.7625
3747.6042	1649.2188	52.0103	6.5598
4291.107	1187.5361	271.5558	-601.2099
4650.346	1228.5546	351.6312	-523.8081
4912.2389	673.1483	457.9482	-1000.4539
5038.4402	769.8866	457.9679	-980.9033
5211.9099	801.0269	488.1038	-981.4825
5245.5478	920.0772	488.0361	-980.118
5543.9256	800.9951	495.8425	-971.7573
5625.0152	708.5846	496.0098	-977.6304
5756.224	773.996	497.2512	-971.7817
6035.1628	1020.0321	608.6701	-763.123
6476.8966	1221.675	903.852	-577.8469
6636.04	1200.7185	910.8681	-575.9343
6745.7805	1258.7812	908.4737	-572.9797
6977.3135	1412.262	914.1406	-564.8156
7193.2121	1321.5784	917.0817	-562.0825
7397.664	1345.7978	922.9674	-557.5743
7546.8216	1347.4934	922.7844	-557.7896
7621.2213	1250.4393	924.9018	-557.7897
7718.8104	1257.6724	925.2865	-559.6771
7843.0162	1237.6544	929.3999	-556.833
8084.3577	1310.5962	932.4983	-556.1072
8572.4935	1339.5855	939.4339	-553.6161
8727.225	1213.7071	940.2627	-554.7747
8772.5065	1350.7621	943.6326	-553.9685
8894.0937	1432.1107	944.0668	-555.4702
9012.6425	1393.6584	942.9541	-559.6918
9139.5128	1309.6223	948.1408	-557.0285
9267.7169	1204.373	949.3881	-554.3711
9404.7858	1254.4342	951.4237	-554.1844
9546.3565	1291.459	955.5044	-553.8838
9708.0487	1234.2225	957.2477	-555.2774
9872.0832	1155.3392	960.6891	-555.6706
9993.7136	1164.1387	963.1642	-560.1554
10191.1363	1146.3485	964.492	-558.1801
10360.2858	1119.0978	966.0191	-558.6141
10455.8127	1150.0541	967.8498	-560.6424
10580.3432	1133.4827	971.1675	-560.0806
10856.9037	1160.9573	972.0721	-562.0989
47.5648	2003.3566	0.7467	0.0013
150.5159	1933.2799	0.0376	-1.863
207.4746	2073.8896	1.7333	2.962
465.7709	1957.5277	7.2145	2.5636
700.1712	1914.5556	7.1512	1.8131
822.1129	1917.6074	9.3653	1.8728
1019.7007	1800.576	10.7564	3.2937
1252.3052	1925.1009	13.9958	2.093
1336.5715	1835.9286	15.9828	4.908
1509.9012	1813.747	16.4973	4.4941
1664.5668	1742.9914	18.2193	5.091
1787.4438	1742.3119	20.0669	2.8964
1907.5476	1638.5925	19.5328	2.6428
1908.4036	1735.4168	22.5829	4.7552
2066.0799	1840.3412	24.88	3.9793
2172.215	1868.7891	28.6889	6.05
2177.0732	1770.2048	22.6705	4.8104
2264.2615	1828.6023	30.0288	3.2356
2388.7176	1840.754	31.0356	4.5243
2513.2633	1838.442	33.6913	6.5346
2795.3321	2018.9912	40.2375	3.2571
2965.2071	2059.2957	43.7949	3.2525
3067.008	2052.1886	48.2551	0.6666
3195.9257	1968.5526	43.7514	1.1332
3339.8315	2032.7537	52.9911	1.1503
3638.0613	1841.6857	47.0371	3.7476
3735.2219	2040.7083	65.0823	-3.05
3881.6938	1856.878	67.681	-1.461
4454.5116	1250.3552	285.8947	-610.7489
4636.5262	1375.3067	351.8095	-518.2746
4866.9227	814.7561	416.4407	-1004.0913
4995.3313	887.177	475.7628	-1023.5177
5118.667	908.2099	484.8606	-982.596
5322.7295	858.9898	489.2151	-977.2897
5434.5038	853.7379	493.2402	-974.3587
5646.9789	968.9247	499.1307	-971.9469
5857.065	916.6814	518.7779	-979.0153
6143.5533	1104.2246	657.7107	-814.7068
6593.2025	1341.3249	903.643	-578.8674
6865.3184	1292.194	908.9274	-573.6033
6796.6233	1395.4874	907.2183	-573.5915
7127.154	1500.2901	916.2787	-562.8297
7323.4291	1497.4534	912.7725	-558.2818
7527.6161	1515.7044	921.3033	-557.5674
7734.7661	1425.2565	926.0757	-555.7887
7911.5483	1341.9182	931.3678	-557.8153
7950.3484	1487.8778	927.4425	-555.3156
8126.9861	1498.6147	930.4961	-553.7926
8324.7628	1371.3827	935.5963	-554.3656
8718.4917	1505.5289	939.7976	-556.0069
8875.0153	1579.4899	943.6309	-554.1513
9010.0182	1523.5622	944.3458	-555.4934
9148.7552	1477.4984	949.3917	-551.8317
9255.3432	1412.6431	950.8797	-552.6292
9301.7883	1323.8965	950.7128	-554.6047
9426.8078	1447.8089	952.3382	-554.8281
9648.9617	1418.0529	953.9905	-557.4899
9853.99	1249.8053	957.6514	-555.6703
9940.2522	1296.542	961.3891	-557.5179
10063.8323	1292.2	963.1764	-559.1135
10248.3725	1359.4734	964.8311	-558.7144
10367.2131	1237.8917	965.705	-559.2306
10512.6897	1260.0597	966.3721	-561.0673
10676.1908	1246.0139	971.4732	-562.4733
10923.5255	1317.7499	971.8487	-564.5291
10956.8631	1415.692	972.7942	-559.3224
58.1091	2151.4047	1.0393	0.5162
73.3518	2294.231	0.4488	1.3885
368.5503	2126.9883	1.3565	0.6168
635.963	2044.533	5.4053	1.1393
759.8388	2022.1823	6.9719	0.3725
859.156	2008.3544	8.8164	2.5658
942.2979	1920.8903	8.4001	3.527
1103.6261	1922.6858	13.1878	2.1084
1188.7485	2058.6441	15.2888	3.712
1376.6128	1926.8106	15.2681	4.7031
1473.7766	2004.0253	17.4729	2.7845
1703.9432	1862.4088	18.7822	6.2673
1902.4092	1903.6968	24.2983	4.6923
2002.0302	2043.4598	26.0327	2.9017
2089.7307	1959.7547	25.7443	4.8379
2284.7414	2001.323	30.9184	3.0078
2537.7331	1999.8235	34.4617	3.8739
2887.8344	2218.3279	43.3628	2.5535
3022.5642	2140.6802	49.7432	1.0948
3197.3132	2164.3987	52.2921	0.1302
3414.1976	2132.6121	59.1452	-1.9888
3512.2057	2000.025	57.5283	-0.6508
3569.4992	2213.3368	60.9838	-3.0335
3937.9993	2021.3498	97.7827	-6.5699
4337.9563	1379.6462	290.4772	-604.2092
4512.643	1385.3624	290.241	-610.8374
4884.1835	987.4428	488.9465	-995.6442
5046.8268	1035.0736	485.1052	-986.0052
5198.2164	1032.7293	487.9633	-981.1465
5395.0176	1014.404	490.3342	-976.4191
5542.0553	1137.3411	491.9799	-975.8339
5869.532	1113.7454	494.698	-969.3314
6237.8176	1208.7784	670.1744	-833.4646
6671.971	1489.6605	896.0677	-574.0278
6838.3894	1586.3218	897.4473	-573.0444
7029.5305	1610.6382	900.2305	-571.9085
7206.5221	1652.3646	910.1202	-555.6201
7404.535	1673.4946	914.1703	-558.9297
7558.4983	1659.1937	920.218	-557.101
7672.3711	1612.6543	922.0488	-556.5867
7820.0137	1598.1839	924.7241	-556.315
7933.1983	1642.9869	926.7948	-555.7564
8052.492	1626.1625	927.2221	-556.2845
8279.5651	1534.9965	931.721	-553.9402
8403.4272	1552.7912	935.6648	-554.3283
8549.1629	1534.6517	939.0998	-553.36
8542.5715	1658.2709	938.6397	-553.1166
8633.9399	1622.1816	940.4056	-555.4932
8740.0261	1653.841	931.9307	-551.5987
8989.3997	1669.5311	942.1569	-556.399
9129.2181	1617.1022	945.8046	-555.5397
9263.5793	1554.517	947.385	-555.722
9433.8483	1623.2335	951.0455	-554.0835
9586.6622	1603.2883	955.117	-554.2183
9804.0424	1538.8115	958.3905	-555.5336
9815.8663	1364.8727	956.8572	-557.2444
9970.8867	1439.3536	959.5402	-558.9426
10112.1082	1401.0119	963.3367	-558.0822
10247.1048	1508.1855	962.3571	-558.101
10340.0983	1472.9907	963.5423	-558.4313
10420.37	1373.4627	965.9381	-560.3031
10603.4599	1377.6855	971.8766	-561.2065
10803.469	1348.1648	972.348	-562.2958
23.1247	2406.6188	2.4306	2.0759
169.228	2435.0197	2.2474	2.2999
432.0001	2257.6028	3.311	0.3342
521.5233	2139.4863	5.0311	0.7365
649.5086	2166.8008	10.9314	2.5721
735.2224	2118.1176	9.7343	0.6187
859.3113	2126.9438	13.4484	0.5751
1015.5655	2072.8282	12.1904	2.6444
1133.27	2195.0944	14.9815	2.942
1334.2586	2047.6107	14.7174	4.6411
1568.2453	2084.1729	19.9365	4.4866
1618.7892	1977.3148	19.7938	6.6896
1744.4471	1979.4632	22.597	4.8069
1811.5331	2050.32	22.9626	3.5115
1906.1645	2073.8193	24.5937	4.3287
1984.7088	2164.3521	27.6953	2.8754
2116.5873	2102.6312	31.6634	4.6543
2223.5788	2163.4028	36.4491	5.1789
2415.6557	2115.3963	35.2842	5.7026
2485.0513	2183.1441	38.8237	3.8331
2654.1043	2213.1657	41.0209	2.4964
2781.4383	2320.7213	42.8049	3.3296
2994.6504	2321.1462	47.7247	-0.1918
3041.0718	2235.2915	50.1909	-1.0202
3113.8183	2345.6947	49.977	-0.4318
3375.314	2251.9343	56.2391	-1.7528
3462.7158	2374.8298	60.351	-2.7352
3895.3017	2111.0754	48.6836	-15.8601
4280.1443	1620.1381	288.9115	-604.6308
4214.2627	1461.6374	287.4222	-605.0824
4445.6453	1516.0987	293.1048	-604.3516
4759.4719	1362.992	459.9225	-759.3292
4945.8723	1177.1778	480.3248	-989.6474
5120.8012	1156.7994	483.4503	-983.027
5268.698	1163.7459	486.384	-978.5744
5294.5027	1306.2303	487.0301	-978.1889
5411.8267	1211.1751	488.8532	-976.6655
5684.3634	1162.8338	493.5928	-970.7502
6054.547	1273.3002	497.5498	-967.68
6354.8951	1182.6414	687.1897	-929.8081
6349.6458	1299.7307	598.2574	-911.5541
6435.7306	1407.3929	555.2255	-935.1824
6918.386	1760.1844	894.2785	-578.2653
7066.3034	1752.7049	899.3928	-570.2216
7207.9804	1818.9931	905.1915	-551.7043
7354.9614	1837.223	910.9456	-558.5929
7528.063	1751.38	915.6031	-556.7273
7650.741	1758.4793	917.2463	-557.0683
7764.5641	1705.1974	924.4855	-554.8146
7863.2535	1714.0477	925.008	-556.415
7980.694	1755.8471	925.4042	-555.8162
8198.7056	1621.3188	930.5344	-553.5143
8328.4062	1679.0475	931.1058	-556.2415
8450.8654	1696.974	933.1373	-554.9881
8559.9751	1781.801	931.7606	-551.3952
8662.4654	1713.7322	932.1894	-551.0916
8844.1704	1720.2289	936.2388	-555.6199
9122.5665	1763.3463	942.0886	-553.758
9315.8233	1716.9656	951.1094	-553.072
9517.6265	1807.2118	953.8798	-557.2353
9753.538	1746.0498	955.9645	-557.3599
9988.1564	1662.8685	957.7958	-557.3844
10123.7742	1519.9835	959.9721	-556.1359
10332.4436	1598.5581	964.3477	-556.9639
10457.4036	1512.7701	967.0103	-559.3922
10623.3137	1547.8174	969.1366	-561.6848
10713.2184	1432.0942	971.1418	-560.1227
10847.2903	1540.9488	971.8743	-562.3684
45.2616	2513.4204	0.4916	-0.1275
175.5064	2577.0795	2.3714	0.4936
256.9904	2257.6274	2.3763	-0.4527
456.6223	2373.3135	6.4405	-0.3252
588.0637	2270.654	10.3505	1.6266
760.1799	2266.3786	11.4016	2.9525
958.6604	2270.8506	11.9656	3.3086
1101.9174	2306.8104	13.1807	1.4994
1276.7877	2179.2634	15.7698	3.0857
1450.358	2176.6301	17.4784	3.1239
1596.9211	2173.3553	17.9884	5.207
1697.9346	2092.7389	21.5221	1.835
1701.9935	2238.1429	25.279	4.2391
1838.2524	2177.3765	29.1344	7.6407
2123.3645	2275.925	32.4048	4.5507
2345.0556	2236.8143	36.048	3.396
2488.839	2282.3773	37.2614	4.2354
2425.7707	2361.1189	37.1659	4.5868
2565.483	2412.3364	40.4378	4.8334
2884.3971	2417.9433	45.4036	2.8665
3260.9484	2347.894	52.5278	-0.0725
3355.8083	2423.0018	57.6949	-4.2279
3648.1959	2446.6332	65.3381	-3.259
3946.5293	2381.5463	190.963	-64.4344
3815.8549	2266.6012	65.3435	-5.9703
4470.8304	1636.5905	459.316	-760.2082
4564.0989	1671.8549	457.9078	-752.9443
4683.0064	1543.2328	456.7315	-758.4628
4902.7543	1345.9894	482.9621	-989.1213
5100.4915	1346.2757	483.9244	-981.2281
5256.5766	1420.4583	487.2718	-979.5952
5412.2142	1331.4352	488.6494	-977.5809
5582.158	1327.2973	490.0693	-975.806
5751.6266	1370.1155	492.8848	-968.0177
5747.0395	1270.384	494.1701	-968.4087
5863.9085	1311.6581	496.8806	-969.2542
6225.8526	1413.5816	505.0521	-969.4893
6488.2643	1563.2659	553.5098	-941.1228
6962.7912	1870.0845	890.2086	-580.5828
7082.9745	1897.0932	889.4609	-570.5653
7242.7428	1959.2885	905.4083	-546.6341
7365.9363	1958.0375	909.7708	-558.4065
7535.3653	1919.6315	913.4544	-555.7558
7705.5307	1881.7976	916.2095	-553.4991
7803.7534	1891.7643	917.1558	-555.3996
7765.8695	1803.5243	916.6964	-553.2986
7863.9204	1812.6052	917.712	-555.7996
8172.7069	1809.8802	926.8027	-554.6193
8395.9172	1836.5889	929.7286	-553.5257
8722.5013	1842.9645	932.8596	-553.7258
8966.2802	1840.0803	938.4804	-556.1889
9127.0702	1908.924	940.9953	-556.0409
9224.8013	1833.3219	945.5863	-555.3159
9337.3023	1886.211	949.4574	-555.2002
9443.3171	1993.0396	951.9159	-556.3458
9565.7049	1967.8045	951.9848	-558.1163
9714.7436	1964.7397	952.0756	-555.8708
9937.3553	1904.7527	957.9896	-556.7651
10134.2627	1757.5932	957.9438	-556.7613
10191.3913	1644.8741	962.8938	-558.9646
10467.7324	1657.3267	965.6536	-559.1443
10603.7442	1717.4979	967.5998	-561.5596
10754.4516	1803.2072	971.1851	-561.1982
10719.6341	1659.734	970.7575	-562.1483
10905.5721	1729.4515	972.5855	-558.5334
65.273	2635.1636	0.5956	0.6017
300.8364	2549.9653	5.5931	1.9587
341.9598	2409.164	5.0083	0.6342
551.7654	2381.2252	8.1909	1.3989
668.8091	2409.374	10.0093	0.9832
815.8868	2424.4012	10.0975	0.8204
961.8497	2453.3028	12.6014	1.2221
1066.3538	2394.8872	13.5063	3.5072
1207.393	2371.7418	16.5609	1.7233
1341.6006	2311.3136	18.2186	3.0324
1483.9121	2345.8993	19.1015	2.4831
1581.9961	2269.5439	25.1334	6.1362
1649.842	2373.4954	25.9522	5.1661
1806.7996	2331.7508	26.8251	2.4952
1952.2513	2302.8698	33.0517	5.8554
2026.5465	2477.6732	32.1214	3.8916
2273.1964	2442.7435	36.3328	4.2442
2447.3895	2528.24	38.5875	1.2821
2712.7134	2392.2823	40.6527	3.653
2893.8846	2566.6049	45.6431	3.1335
3067.9144	2538.6799	51.8011	-0.0123
3255.5755	2494.0171	54.6021	0.885
3437.7932	2574.0743	60.2417	-5.0134
4129.5563	1848.9568	225.2526	-684.0869
4118.2369	1678.6879	223.4523	-685.8637
4300.5282	1831.3078	228.391	-684.7829
4696.2141	1787.1178	456.9253	-757.1596
4951.3074	1539.8668	470.8596	-984.6787
5187.89	1551.534	484.9137	-979.8961
5406.9552	1501.2683	488.4412	-977.4348
5577.7399	1497.179	491.2314	-977.9162
5697.641	1489.4234	493.2272	-975.8022
5841.9525	1455.1551	499.2028	-970.7915
6028.3189	1515.7207	503.2188	-969.0847
6205.4403	1555.8909	512.8636	-970.2495
6311.0019	1536.7086	522.2555	-977.9084
6528.0839	1724.3609	564.4484	-952.2497
6646.8539	1632.2595	556.5858	-940.8711
7098.0983	2040.1567	864.3256	-568.2259
7406.1257	2072.1434	907.6659	-556.0695
7550.3747	2114.5567	908.7882	-553.349
7740.5501	2053.7147	914.594	-555.2724
7966.7084	1952.6745	919.4962	-555.8484
8138.5606	1977.9426	922.0297	-555.1097
8286.1197	2000.1037	924.8175	-554.1627
8555.6682	1985.6399	930.3832	-555.1476
8846.4089	1924.483	937.795	-555.4943
8905.4682	2028.9234	936.302	-555.8441
9022.5476	1974.5962	940.9695	-556.4474
9102.959	2027.0158	937.7912	-556.8414
9251.0668	2031.498	942.7928	-557.3784
9381.0705	2099.8329	944.9254	-559.9204
9585.307	2085.1816	945.5802	-557.2031
9726.1874	2136.1629	948.0778	-556.4007
9833.3497	2054.9994	957.0046	-561.5582
9930.8976	2072.9854	956.9419	-556.2312
10082.5003	1997.9164	959.8591	-558.499
10133.1152	1877.9789	959.5416	-558.2213
10314.8502	1795.9246	961.3446	-557.3901
10495.9676	1774.5499	968.8664	-558.9369
10473.0361	1864.0801	965.892	-560.6327
10592.51	1865.659	966.289	-561.8758
10795.3088	1967.7269	968.7131	-560.9469
10912.245	1871.8566	972.379	-563.2066
33.7101	2753.6565	-0.0638	0.5114
242.7862	2733.9918	4.7383	0.6392
500.7579	2540.3629	8.1204	1.302
723.1339	2571.3418	10.5468	1.6646
975.921	2601.5387	15.035	2.1802
1129.4292	2525.8372	15.7752	1.6929
1352.6164	2508.3603	17.7018	2.1014
1546.2471	2476.1745	20.3641	1.5979
1679.5297	2538.0079	23.5853	-0.3278
1752.4688	2440.9173	27.1511	3.5966
1802.2379	2522.5033	27.6241	1.7202
1858.2672	2443.4548	31.4749	3.2889
1881.5368	2613.5183	29.8925	2.9987
2172.9861	2609.4042	33.5205	4.505
2347.8071	2696.8149	37.8671	4.4187
2552.2414	2594.1949	42.2888	1.8659
2723.2569	2563.9913	44.3418	1.9722
2930.728	2684.1551	53.0405	1.337
3242.2092	2638.475	55.1599	0.7856
3338.7625	2712.618	61.3337	-4.2933
3642.3634	2708.0942	60.6598	-11.1763
3845.9139	2454.1143	126.3906	-128.9233
4061.7668	2036.5968	260.588	-666.4429
4184.5696	2014.7705	258.4815	-688.9361
4294.7047	1956.4754	227.0852	-683.8021
4428.235	1752.3459	244.2572	-979.2073
4697.7846	1959.7484	392.6718	-765.124
4840.9205	1671.9844	469.8757	-983.4247
5082.7036	1653.2592	475.8964	-987.046
5175.6303	1734.5172	480.848	-989.724
5310.5768	1674.0847	485.3173	-977.4233
5442.81	1664.764	494.1717	-980.3202
5593.9879	1644.236	497.6788	-977.3245
5818.1569	1648.7973	498.2644	-974.958
5988.6331	1684.1723	497.509	-970.7356
6162.3971	1692.9458	511.7756	-971.8212
6365.4075	1780.4282	519.691	-973.5069
6341.1954	1657.8308	520.6496	-976.0903
6685.0159	1800.1414	559.1376	-939.972
7177.8433	2128.0547	872.441	-578.1626
7263.5301	2077.9933	906.461	-544.5915
7431.7667	2267.0205	905.2421	-553.8555
7635.2183	2235.2211	911.5	-555.8128
7784.4803	2246.5532	912.0488	-552.8544
7916.9997	2145.6728	918.0953	-556.4056
8114.8896	2146.9552	918.5788	-556.1193
8411.6757	2117.9038	928.9273	-553.7096
8540.1924	2187.6376	932.7166	-556.7159
8681.6164	2139.0097	933.5476	-555.0576
8756.8679	2011.4764	935.2424	-554.9765
8819.3265	2116.6749	936.3202	-556.9173
9022.4267	2072.8799	939.2084	-553.7806
9116.0988	2152.3468	940.1629	-555.0694
9274.4223	2225.1982	942.712	-557.0833
9474.7013	2214.2478	945.0085	-557.5053
9621.3151	2202.6583	945.7555	-557.5762
9867.346	2175.2817	949.5682	-559.2818
10059.3942	2144.7923	960.445	-558.7209
10251.8785	2035.0158	961.122	-558.459
10440.6157	1980.0181	962.9666	-557.0438
10622.3213	2060.5716	967.0055	-561.5731
10815.9924	2113.8408	970.0097	-560.4588
10935.3305	2024.7122	973.7813	-562.0659
90.8589	2889.5818	2.645	0.2959
256.884	2929.8873	5.8963	1.2397
436.9214	2721.4394	5.7848	1.4362
612.0756	2733.8954	9.8367	0.729
869.5797	2536.5652	12.7773	1.8792
858.3704	2634.8405	12.5462	2.1511
1088.888	2694.5896	16.2874	1.3716
1233.7929	2664.2546	18.35	1.8072
1410.836	2752.4938	20.3103	2.7266
1556.0227	2622.0723	23.0346	2.9069
1720.6684	2730.959	26.2525	-0.3345
1892.6528	2733.1252	29.8458	1.3388
1882.6914	2828.1806	30.8925	2.2025
2033.4362	2696.5472	33.3413	1.9163
2177.5538	2734.2833	35.4303	4.5111
2223.2441	2850.5323	37.0422	5.5391
2583.3702	2765.0767	42.0675	3.6212
2789.158	2752.8875	48.9262	4.7619
2914.0894	2830.9943	52.1721	0.5721
3105.7806	2779.9051	53.9475	0.0159
3448.8058	2770.2009	64.5585	-6.1017
4055.2922	2211.1862	374.3167	-716.1789
4168.9701	2113.493	380.4159	-711.6075
4262.2825	2077.1678	378.5078	-715.1938
4414.6074	2086.0896	383.1633	-721.9555
4503.4609	1907.6679	295.0912	-993.2941
4755.7814	2039.4747	424.5391	-778.9736
4973.669	1785.7367	475.5433	-985.8397
5310.5766	1817.9859	486.8421	-978.2821
5483.0309	1778.138	494.1599	-978.8848
5576.6419	1856.1817	495.1641	-980.9012
5682.651	1792.9777	496.8136	-977.6352
5825.9959	1846.3587	500.2557	-975.7694
5933.5973	1779.23	502.8297	-976.7278
6035.7963	1770.0305	507.1585	-975.7554
6231.8923	1898.8989	514.4224	-972.4747
6490.1456	1910.1359	528.6318	-972.3919
6977.8994	1962.6926	715.952	-829.8754
7194.396	2220.6602	836.6497	-568.819
7283.2059	2175.2614	879.7717	-529.226
7084.6233	2164.3776	723.9693	-721.436
7476.8076	2449.9723	905.731	-551.9566
7575.0167	2367.519	907.3971	-555.7095
7699.884	2370.0422	908.1856	-553.1461
7960.6195	2338.6771	916.7018	-556.2518
8161.8802	2335.8244	920.0951	-556.9071
8290.8515	2147.0209	924.4984	-556.4211
8360.7047	2305.9158	924.0697	-555.6348
8640.191	2253.162	932.4424	-557.0699
8553.4484	2342.7898	925.4168	-558.1725
8807.3521	2290.4876	934.924	-555.6865
8957.1383	2166.1058	936.705	-558.0531
9050.4018	2341.0526	936.3628	-555.3271
9222.9633	2362.8582	940.2095	-558.1562
9574.8577	2325.4938	947.0692	-559.5266
9724.0208	2308.8808	947.4876	-557.5401
9900.8432	2315.8179	951.7796	-559.2962
10049.5005	2316.526	955.8398	-557.4102
10194.2092	2209.1767	960.4564	-558.6863
10317.5037	2220.953	959.7571	-557.6381
10431.3329	2122.902	963.7228	-558.2027
10581.2222	2226.8339	965.5107	-562.199
10725.7756	2257.8139	965.9421	-562.2036
10925.1102	2215.5252	973.2198	-561.9167
62.897	3054.9189	1.4393	-0.9794
177.3876	3014.2428	5.751	1.6848
444.9521	2913.4353	8.8548	0.9312
606.5936	2883.3857	6.2249	3.5726
729.2899	2864.64	11.8163	0.7824
785.5934	2730.7752	10.7959	1.0285
968.4385	2724.436	16.7768	1.7046
1072.8234	2839.9111	14.7883	1.4729
1220.6927	2810.8572	18.0015	1.2362
1317.0781	2926.8442	18.4185	2.4563
1448.7721	3042.2032	23.5237	1.0429
1580.9821	2895.8623	26.7248	-2.3535
1794.1215	2973.7821	30.7624	2.2063
2034.265	2915.5375	32.3563	3.7358
2403.8388	2935.2127	40.5245	2.1777
2601.42	2958.5229	44.8894	2.1237
2731.8045	2889.0236	43.7864	2.3223
3006.2215	2950.4227	54.3303	0.8221
3305.8396	2830.5884	60.8473	-1.1588
3308.2086	2952.3297	65.5932	-2.7188
3399.2473	2911.9713	64.7732	-4.838
3549.3479	2911.1184	66.4046	-4.1697
4044.9486	2375.5425	385.6913	-701.0262
4273.4237	2226.9401	388.9483	-711.6559
4443.6672	2271.0209	388.8147	-706.5994
4558.3225	2045.6343	396.8183	-996.3102
4657.2626	2050.3445	366.6011	-974.1408
4835.6975	1930.2485	456.7642	-1001.4486
5001.3116	1978.0378	477.7686	-985.8408
5161.4276	1907.8419	477.4815	-989.8038
5441.033	1965.6173	494.967	-981.1281
5688.1173	1990.4075	496.362	-979.5743
5860.6946	1964.9232	500.5932	-975.5592
6000.8377	1912.551	504.2455	-976.3757
6122.248	2029.6146	512.0674	-975.7409
6228.9798	2071.7561	520.9438	-971.7794
6356.9812	2018.829	522.9169	-979.9205
6571.7232	2082.0039	532.2507	-980.3115
6915.7298	2120.294	715.5309	-830.8663
7219.1534	2337.0924	794.9517	-652.4828
7290.9424	2517.4839	801.0866	-658.4885
7635.0332	2558.5238	908.7361	-551.5932
7809.4821	2470.35	909.6833	-554.8016
8110.8639	2500.0729	917.4647	-557.5126
8240.425	2429.9525	920.0168	-556.777
8331.9049	2510.8039	923.2638	-559.0398
8474.3535	2467.7554	925.9485	-558.2213
8598.1459	2457.1955	928.3025	-560.0467
8671.0315	2390.6328	931.2811	-560.8702
8895.5541	2462.1868	936.5998	-556.1091
9028.2017	2568.5166	938.4527	-557.6262
9180.8801	2450.5505	938.2743	-559.7699
9388.2579	2414.8656	942.9954	-557.6421
9615.0205	2504.4567	944.8172	-558.3502
9832.4695	2474.5794	947.037	-557.3806
9973.2252	2415.8373	950.3692	-559.5274
10215.4745	2356.9801	957.905	-558.8806
10364.7727	2345.012	958.7463	-559.0981
10460.5003	2263.8048	961.693	-558.3756
10462.284	2384.2249	963.8478	-557.7816
10583.1169	2352.4007	965.9691	-559.8582
10868.0124	2354.0062	967.7785	-561.1184
10967.7472	2427.1162	972.49	-561.9434
176.7058	3108.6297	3.6163	1.3299
269.2746	3054.1031	6.3906	1.1031
367.866	3071.2587	6.7157	0.7496
645.8584	3048.7081	9.5661	0.4132
798.4719	2965.0783	12.1054	1.7832
901.9975	2858.0329	12.9728	0.5554
1025.5491	2980.1156	15.2621	0.5535
1170.7912	2949.4294	16.9493	0.2979
1249.4831	3128.2545	21.6349	-1.6113
1566.1875	3180.852	26.8474	0.8325
1619.277	3067.5792	26.1641	-0.3043
1836.0394	3166.0499	31.1935	2.134
2035.6194	3157.1008	34.3537	1.6076
2157.5706	3036.2088	34.5877	2.2443
2233.7412	2974.5027	39.5112	6.4325
2543.1022	3146.3018	43.489	0.3208
2725.7366	3036.3153	48.6137	1.6528
2857.2746	2967.6164	50.3902	1.5589
3166.6107	3074.2756	63.0735	0.1275
3213.2096	2911.5299	57.9522	-1.8494
3413.9425	3088.8115	66.9941	-1.7896
3796.3195	2586.0822	256.2273	-488.3728
4166.8462	2361.0741	388.5427	-710.7406
4348.3671	2442.9466	388.515	-704.3457
4724.2867	2134.405	452.5106	-987.6562
4888.754	2104.8981	469.8735	-995.1934
5134.0443	2128.3567	490.3867	-988.8735
5271.5215	2009.8785	488.489	-1000.2155
5355.7702	2166.2361	493.1064	-981.584
5549.6697	2132.6008	497.2772	-979.7567
5779.152	2193.9586	508.3335	-983.9943
5907.8191	2078.8976	512.5366	-979.0221
6029.125	2056.9578	512.1756	-977.5028
6135.4417	2151.827	516.4907	-976.415
6333.8921	2137.8746	527.2543	-979.6804
6443.9003	2078.6559	528.6325	-977.5971
6491.5256	2258.9965	529.6486	-981.2834
6705.7233	2190.4168	532.4179	-982.9668
7103.7894	2262.4737	774.7511	-802.0479
7004.2573	2270.7604	685.4345	-888.6887
7360.6181	2677.2548	790.1701	-652.5177
7454.7692	2571.0675	812.902	-690.2119
7716.4894	2734.6311	908.4746	-551.232
7820.5997	2625.2328	911.6273	-552.808
7942.6826	2537.3857	913.7823	-557.4876
8230.9972	2681.9042	920.5444	-558.876
8447.844	2639.3812	921.9464	-558.717
8567.7897	2551.1795	922.0328	-559.9374
8731.5056	2525.5521	930.5904	-560.9333
8880.2202	2584.7312	938.3192	-553.9984
8950.2519	2723.5649	929.2061	-561.6015
9244.1746	2610.4032	940.3909	-559.375
9442.9845	2605.6284	942.3677	-557.4513
9671.9665	2694.1973	944.6295	-558.6453
9759.1972	2604.4213	946.8538	-557.9901
9993.0572	2538.4525	950.6916	-559.6732
10070.5361	2437.3541	950.2458	-556.9786
10141.3959	2537.6181	953.9332	-559.7674
10259.5907	2495.1876	960.0993	-559.0149
10378.6178	2475.6557	963.3374	-552.5488
10527.9195	2488.7174	966.2551	-558.4445
10708.5774	2432.9255	966.7884	-560.9127
10857.0484	2525.2051	968.3198	-561.8385
84.8252	3224.6907	0.8751	0.7072
289.0236	3204.302	7.8866	0.6628
470.7405	3084.3627	10.5798	0.7965
700.2649	3268.4761	10.3305	0.3062
764.8524	3168.1667	11.4057	1.8211
886.6127	3082.8312	15.7628	1.2627
966.7147	3212.8306	15.8611	-1.8522
1054.8751	3124.3487	20.1061	-1.0273
1241.199	3301.3207	19.6561	-1.7143
1337.3853	3274.8454	22.1757	-1.3402
1445.6395	3212.6394	25.4832	-0.8393
1692.3861	3196.9266	30.1273	-0.2007
1747.2054	3308.2834	30.2646	0.3083
1896.0955	3329.7305	33.3094	3.1764
2164.959	3306.9273	37.7905	2.3361
2289.7913	3152.4651	39.7979	2.2281
2420.241	3331.4132	45.2885	-0.9618
2785.5565	3171.058	59.5869	1.6258
2950.7674	3113.235	61.8246	0.3878
3064.1793	3242.2145	61.1622	-2.6958
3282.5608	3235.2938	71.2131	-1.2921
3673.1243	3029.5291	324.7008	-256.2091
3734.3111	2857.2621	277.9958	-368.1584
4017.7469	2548.6665	390.0908	-699.806
4182.6093	2494.9072	390.2503	-698.5807
4202.7207	2617.9303	390.5734	-696.643
4588.4246	2309.2789	488.5841	-994.4783
4602.3428	2161.6432	446.2393	-1003.7141
4979.2718	2252.0531	479.3611	-999.4241
5099.965	2339.0282	481.5382	-1000.3783
5242.3331	2295.7994	489.7447	-985.9435
5392.9803	2330.8873	498.2702	-983.9245
5486.3094	2239.2395	494.4932	-982.257
5620.1666	2264.6212	506.7477	-981.3815
5908.5068	2326.9505	518.6074	-978.1027
5927.8959	2204.7155	509.5685	-980.7263
6010.3036	2151.1314	513.74	-977.6918
6045.8776	2268.2161	517.1538	-979.2049
6249.2573	2314.7432	526.7502	-981.1366
6535.3308	2422.2456	535.8058	-984.1835
6709.2414	2412.2031	538.5069	-985.4443
6879.0166	2312.5293	554.6718	-968.0948
7063.3809	2380.6756	617.6585	-983.6186
7485.0776	2690.9379	795.3552	-684.5248
7710.9908	2857.692	900.4908	-548.6367
7826.0286	2791.7056	916.5159	-562.3741
7988.9723	2730.4385	918.8929	-559.7709
8141.832	2857.1401	917.7888	-559.8048
8266.4235	2850.9118	918.6944	-558.3056
8387.295	2802.2281	923.6725	-560.9865
8538.4697	2787.2244	926.9419	-561.761
8620.9318	2661.541	925.6261	-562.1864
8705.1798	2751.0045	928.2336	-560.8667
8806.7237	2680.7654	928.8946	-560.7071
9094.3715	2703.2068	934.5304	-566.0033
9251.8921	2802.7239	936.466	-556.2979
9392.1603	2744.8534	939.5351	-558.4176
9517.6611	2760.4355	941.8569	-558.4523
9550.7305	2666.5346	943.628	-558.6343
9618.7297	2833.8249	943.3171	-558.9351
9881.4166	2637.462	950.6783	-559.6854
9983.6999	2760.2971	949.5422	-558.8425
10003.7798	2662.1212	953.5253	-559.0185
10317.0124	2663.8336	955.502	-559.2283
10253.9634	2591.9494	954.2708	-557.5568
10390.5481	2598.9001	964.3	-551.449
10489.2196	2604.3169	965.8029	-558.851
10661.6092	2631.3551	967.0131	-559.5112
10905.2728	2690.3361	972.6602	-561.8396
41.4334	3391.3703	0.6239	0.5575
161.5626	3349.7645	3.8075	-0.2243
504.7929	3253.9297	9.1839	1.2082
639.2986	3400.6328	10.6712	1.3047
848.4172	3251.351	13.8816	-1.2062
789.3206	3389.7518	12.195	-0.2997
950.545	3313.6069	15.9386	0.5296
1095.868	3292.6791	18.8743	-1.185
1314.5892	3368.1021	24.9235	-2.9833
1409.5933	3342.4632	25.9486	-0.9498
1580.0379	3358.7592	27.3015	-2.2219
1760.6316	3434.8482	27.9847	-1.9603
1911.1187	3479.2044	36.3436	3.2533
2056.7561	3441.6298	36.1032	0.5586
2260.2509	3447.7701	42.4064	-0.8084
2406.4666	3482.031	45.0553	-4.5062
2615.3727	3359.1767	48.0361	-0.7612
2768.3263	3372.3829	53.7693	-6.3755
2738.0154	3281.2605	46.7048	-2.728
2899.206	3302.1319	60.6411	1.6724
3174.9593	3296.2055	64.1945	-10.4291
3439.3806	3311.276	212.2962	-97.9819
3884.0793	2758.1924	416.5536	-679.5707
4125.8699	2801.3033	416.7429	-681.4459
4348.1863	2639.1997	393.9116	-700.3285
4513.4674	2406.9674	469.5102	-1008.2878
4786.2476	2299.7686	479.3296	-993.58
4959.683	2398.7472	477.7187	-998.7047
5090.6287	2462.9756	479.8477	-999.1219
5278.0619	2490.9772	494.9986	-987.6706
5456.2015	2434.8141	509.2732	-988.7
5516.7184	2333.061	501.0361	-985.0269
5746.5167	2388.2894	516.2268	-984.2881
5877.3371	2455.7437	518.3501	-985.044
6053.6844	2464.7321	524.5188	-980.5721
6265.375	2537.7981	527.9191	-981.3888
6409.0875	2439.7791	531.2087	-980.325
6538.724	2591.2919	537.4866	-985.8399
6946.7975	2544.2655	556.1835	-1005.9706
7161.8803	2664.5578	598.6782	-788.1997
7233.556	2762.3391	600.7691	-789.3634
7583.6709	2799.9635	833.8464	-711.9895
7836.0534	2940.6027	912.8093	-560.6153
8010.0642	2926.2368	915.1727	-560.9457
8167.0174	3001.9401	919.8366	-561.0178
8340.4978	2978.8815	920.6959	-558.7995
8471.4069	2891.9613	927.1405	-562.8808
8653.1094	2834.7528	927.9876	-560.4743
8822.9472	2876.1528	929.8505	-561.1318
9070.422	2882.7242	930.7249	-562.5501
9310.6396	2979.8187	939.3617	-561.4651
9464.9646	2845.039	940.0178	-559.2376
9579.8749	2951.8985	942.1649	-558.8674
9480.9662	2942.6931	940.9932	-559.3894
9820.6952	2824.7676	946.321	-560.2905
10158.7962	2734.6117	953.379	-559.343
10448.9862	2772.4369	957.7048	-560.0729
10640.9416	2828.3384	962.1768	-560.8599
10785.6105	2785.393	967.6466	-558.6658
67.874	3536.3785	1.7607	-1.0119
153.1097	3446.5722	3.0743	-0.7751
257.9446	3365.7467	5.0983	-1.7167
352.5322	3338.7705	7.5356	1.4832
422.4452	3408.068	8.935	1.3284
518.6302	3427.7479	10.0478	1.0487
578.0852	3506.8552	9.9293	1.9692
721.4144	3552.4256	12.1331	1.2648
971.8858	3479.7437	18.3029	-2.0805
1198.7162	3462.1856	22.495	-3.1485
1396.6635	3487.9845	23.905	-3.3883
1695.9053	3539.3974	27.2361	-3.6202
1822.1467	3568.6452	32.0953	-2.5314
1933.1207	3623.8866	32.7206	-0.8792
2024.151	3584.7036	33.9987	-0.5231
2155.2963	3586.8523	41.152	-0.4667
2306.4664	3614.0329	46.5897	0.4829
2502.6806	3455.1983	46.4308	-3.3736
2743.5168	3541.8254	56.1871	-5.4827
2914.6314	3643.7696	76.7314	7.4703
2890.569	3449.8476	60.7009	2.3272
3077.4683	3440.4281	71.604	-3.6425
3255.2992	3354.0491	103.4384	-183.1382
3586.0838	3119.275	266.8858	-406.9294
3588.4666	3310.3184	348.7726	-272.6024
3796.8181	3039.8915	405.4632	-554.3027
3963.8239	2991.0034	415.667	-679.6605
4349.8191	2813.0685	421.4861	-695.9532
4652.5076	2505.37	468.9512	-1001.7688
4893.0364	2615.5757	472.8371	-1002.383
4848.8463	2498.6163	471.1911	-1002.2701
4994.5105	2542.3958	476.4402	-999.4686
5119.2471	2558.1124	481.3643	-1014.7907
5381.9775	2659.603	505.1802	-994.154
5486.2611	2553.5924	513.4974	-989.0312
5580.5022	2437.6942	511.9105	-990.4744
5808.6505	2586.3151	517.3312	-986.0943
5980.876	2643.001	524.5813	-982.9158
6130.4558	2647.7242	526.0667	-982.4445
6375.2345	2638.3027	536.6742	-986.5188
6480.7121	2779.9407	534.7576	-986.6034
6671.8824	2767.8683	552.3717	-998.3877
6736.9134	2606.088	539.4992	-988.0858
6839.4256	2709.8111	555.4856	-1003.7797
7117.1407	2805.3142	555.8591	-846.748
7390.12	2772.0958	691.283	-850.68
7620.7503	2943.4982	798.9551	-699.8466
7878.3346	3108.7946	908.7409	-557.6509
8033.8178	3070.9861	918.5689	-562.3792
8186.7602	3198.1875	918.4207	-561.8987
8359.5201	3215.5268	918.6758	-560.7231
8440.0868	3120.7724	922.1842	-558.7998
8604.4988	3001.049	925.6766	-560.9573
8938.6627	3034.5801	930.5151	-560.7228
9114.3377	3127.8374	935.556	-562.7984
9307.674	3179.2092	935.9281	-560.7852
9500.8474	3090.2012	940.6926	-560.1611
9723.6267	3051.3121	945.5755	-560.803
9885.354	2986.1375	949.109	-560.2283
10057.9141	2960.4795	952.788	-558.5839
10282.0638	2919.8269	956.1557	-559.3362
10509.2388	2987.4218	959.768	-559.6231
10654.4931	2950.5938	960.4875	-559.5429
10811.5939	2905.8402	964.6546	-557.6976
10927.0148	2837.4545	972.8068	-562.0906
137.3175	3721.8282	3.8953	-0.5317
302.403	3534.0649	4.9109	-1.0884
476.7008	3518.3643	6.2461	-0.7094
551.4857	3626.0864	9.7619	2.6884
721.7457	3701.9262	13.4689	1.182
874.3331	3678.1902	17.4915	-2.4327
1123.1359	3645.1186	21.3259	-3.0828
1322.2709	3671.3601	23.2902	-3.9471
1461.7837	3617.885	23.92	-3.1091
1571.9935	3558.1871	26.1885	-1.9825
1707.1853	3664.6313	31.3786	-2.6599
1848.5918	3714.7856	31.585	-1.9729
2048.7952	3754.7619	35.9293	-2.277
2213.6213	3697.2581	34.6276	-10.0141
2510.1949	3627.9073	54.3497	-5.1481
2810.2123	3752.5367	58.0214	-4.7297
2920.5733	3544.2038	59.5451	3.8596
3003.7108	3598.5221	70.8994	-9.0125
3102.894	3611.119	72.1563	-2.8761
3277.4632	3473.4357	134.0702	-186.6695
3401.1575	3456.1888	134.4249	-222.2598
3557.7696	3215.1995	192.3399	-474.3605
3750.7737	3155.9059	345.5506	-650.9436
4234.0029	3022.5924	418.2256	-684.0999
4458.4787	2976.7638	422.7269	-694.9489
4693.4955	2700.9244	480.3379	-1001.3073
4791.9398	2609.0711	470.5238	-1003.1207
4967.8909	2747.1589	493.247	-1009.4417
5069.9039	2641.2783	494.6212	-1008.2847
5216.8651	2706.9832	504.5872	-995.6044
5480.4546	2771.5946	513.258	-998.0987
5540.8141	2663.7	519.7181	-993.4861
5634.3132	2575.9577	515.4288	-989.9399
5679.6443	2768.6972	515.6742	-988.7656
6050.7188	2802.7923	526.5075	-982.4191
6279.2019	2781.4511	531.9276	-986.8876
6561.2681	2875.0234	547.9633	-996.819
6681.2242	2964.4989	549.4242	-999.8896
6821.6344	2856.934	553.4834	-1000.9632
6942.6927	2887.3932	549.7978	-977.9848
6975.1727	2767.3753	546.3708	-978.4054
7242.5349	2886.9731	675.956	-913.1806
7456.108	2877.6686	746.4491	-864.8647
7987.2092	3210.5859	917.1577	-564.2867
7868.5136	3298.5984	804.1685	-623.3574
8051.4589	3343.7182	840.8779	-606.9628
8322.0808	3307.8753	917.8657	-560.7024
8454.4589	3246.0799	921.0324	-564.5686
8568.4084	3195.7032	924.2338	-560.9549
8741.7406	3176.8333	926.522	-562.0117
8815.6228	3049.1854	930.3193	-560.3697
8916.2002	3181.8296	928.6754	-560.636
9011.0684	3297.3677	933.8904	-563.4169
9310.2289	3327.8924	937.7075	-561.3287
9440.3788	3253.3753	939.4899	-561.071
9616.1359	3247.8299	942.1672	-561.7956
9764.1874	3218.7587	944.8503	-560.8392
9919.9654	3105.2709	949.9698	-560.1874
10034.4833	3201.6987	952.3938	-561.8613
10208.5757	3047.2574	955.5349	-560.1524
10346.8646	3105.5237	957.4015	-559.6632
10662.5886	3073.4119	961.2931	-559.1198
10749.1593	2983.303	961.8359	-559.5519
10787.5428	3154.8316	967.1178	-564.5871
10902.6177	3024.7077	973.0939	-562.1662
71.297	3909.9198	-0.0354	-0.727
173.3863	3981.3251	3.4505	-2.3136
250.8794	3885.0373	5.5964	-1.142
404.0581	3759.0393	5.4846	-1.0212
612.0982	3761.7632	13.653	1.5717
730.2506	3801.268	14.7606	1.0313
846.1918	3846.7297	17.3033	-2.7912
1017.9519	3813.9859	18.4943	-3.3392
1204.2445	3798.6422	23.7639	-4.1297
1538.0702	3770.5373	29.2276	-4.9609
1734.4079	3811.9447	30.2284	-3.0369
1881.9237	3859.0071	35.6341	-2.6804
1920.2407	3978.1334	34.7683	-2.1295
2218.8413	3796.9274	39.1529	-10.3208
2337.6891	3757.5543	44.5121	1.3914
2471.6709	3822.7192	50.4583	-6.3619
2639.1006	3778.8255	58.3022	-9.0985
2758.2406	3940.3491	58.3214	-4.0187
3035.6703	3769.7506	62.3337	-7.3302
3343.8332	3658.1612	132.2629	-185.7705
3655.5122	3236.4562	290.3317	-687.1346
3769.3417	3278.6281	304.2519	-645.6803
3863.7852	3206.3465	340.8441	-636.5815
4085.1859	3112.9725	418.7051	-682.7052
4155.9822	3178.9851	417.8201	-683.6419
4233.9029	3236.4824	416.1444	-682.3887
4403.4857	3201.4065	416.374	-687.5393
4576.8425	2759.6184	451.9355	-1026.5966
4826.2407	2701.562	491.0451	-1008.5628
4796.6472	2796.1807	462.0014	-1013.753
5118.3127	2879.0842	490.6907	-1002.6939
5271.9374	2846.8845	499.5129	-997.2936
5347.6553	2780.3372	504.4181	-993.815
5401.3821	2925.1669	504.6789	-1002.8064
5544.1183	2879.2335	509.4563	-994.4767
5897.9353	2892.2123	520.9291	-987.2099
5876.0335	2747.5631	517.7956	-985.8533
6010.6565	2946.088	520.3941	-984.2337
6160.1912	2936.4317	531.5774	-987.7409
6303.3713	2954.5816	529.9612	-986.6168
6376.6617	3029.8373	529.1273	-988.6816
6425.5993	2917.0995	532.8695	-987.0674
6520.3668	3033.1664	548.5272	-997.3392
6779.7181	3106.4451	552.4662	-1003.6382
6878.3177	2993.9586	557.715	-1000.4704
7077.9161	3000.0153	558.6537	-993.6337
7352.5103	2985.6911	666.2721	-900.7548
7679.7127	3131.7895	798.7279	-711.9551
7934.739	3437.2901	832.1698	-627.9058
8229.9882	3391.9606	873.546	-591.1891
8416.5384	3338.3293	919.4017	-564.2617
8563.0266	3368.2976	918.8048	-560.8004
8738.5345	3349.267	921.162	-561.5061
8845.6114	3284.7724	918.6611	-566.4873
9073.591	3404.8686	935.6952	-564.6156
9161.0601	3316.7988	936.5293	-563.6191
9411.8444	3436.8707	940.556	-563.732
9512.0673	3355.7522	941.5095	-562.4128
9685.0134	3403.0917	943.1199	-562.2237
9773.429	3315.9214	943.5041	-561.6354
9884.721	3250.712	946.522	-560.3107
9989.1474	3318.956	949.5535	-561.4019
10158.5297	3362.1575	951.8753	-561.1086
10180.1135	3165.677	953.7238	-561.0103
10392.6643	3247.6881	960.5553	-559.4593
10529.4528	3184.4542	959.4698	-560.2278
10676.9151	3212.452	962.636	-572.6717
10910.9315	3174.3621	954.2261	-559.9075
10934.197	3428.4539	972.7133	-562.5125
72.7527	4059.5474	0.7339	-0.8157
241.769	4109.5904	2.6048	-4.1535
395.8504	3982.1847	6.0588	-0.8214
548.2266	3896.4315	6.4958	-1.3142
719.3262	3998.5128	10.7791	-6.8607
924.09	3972.6738	18.0553	-2.9839
1047.8329	3959.8942	18.7941	-2.7649
1137.5409	3901.862	21.1911	-6.1442
1346.9106	3844.1783	24.4054	-3.5848
1452.6482	3949.9892	27.6154	-5.3322
1647.666	3991.9033	29.237	-4.9942
1818.4587	3962.6407	31.1067	-4.6078
2094.0535	3998.255	35.7986	-2.0794
2306.5029	3927.7869	37.8088	0.3352
2455.3039	3946.6602	43.2269	-18.0249
2585.72	3917.6647	55.8741	-10.5928
2637.4521	4031.415	52.6662	-9.0119
2971.0529	4009.5435	60.9295	-8.2905
3121.9516	3921.4169	62.2982	-7.3805
3229.0484	3821.6406	92.8978	-205.6169
3519.8347	3557.2982	233.7624	-470.3129
3526.4482	3432.8473	117.5616	-577.8478
3986.4231	3187.8356	361.8612	-724.1774
4097.3716	3288.7909	361.6285	-722.0773
4279.4498	3323.7051	419.489	-685.1447
4358.3962	3384.1492	411.9846	-672.9765
4605.8965	3111.0578	489.7843	-961.0028
4669.2128	2873.9214	454.41	-1025.8564
4879.2384	2949.8311	455.5963	-1023.6648
5248.7701	3005.0853	504.1875	-1003.092
5373.6339	3126.0357	507.9675	-1005.3268
5635.2646	2935.0131	516.8441	-990.3541
5760.2309	2951.5476	519.6171	-988.8933
5895.6395	3064.8717	523.8293	-987.4401
6069.6272	3054.3697	526.9767	-988.0332
6240.4447	3090.9735	529.5089	-986.5158
6404.4608	3150.2643	532.8107	-989.5788
6550.1403	3182.8317	540.2397	-1010.0326
6651.59	3110.6788	548.764	-1000.0674
6692.9203	3228.1785	541.0928	-1009.8611
6929.614	3133.228	554.8095	-998.5823
7054.6402	3173.264	560.6706	-992.7589
7238.2824	3118.3351	623.607	-1074.7281
7432.8207	3164.5544	667.7713	-900.2239
7721.8219	3325.472	762.6257	-701.6361
7982.7829	3552.6074	828.6999	-625.2243
8088.7421	3486.3115	841.0655	-609.087
8415.9231	3462.9659	915.9505	-563.3991
8547.4462	3541.4215	918.4699	-560.9612
8688.6313	3488.5958	919.5259	-561.8929
8894.4488	3426.6416	925.5066	-568.4526
9028.4146	3492.8502	925.8962	-569.1969
9218.2128	3504.293	935.3246	-563.1013
9555.76	3478.5999	941.2424	-563.5914
9712.0594	3521.1331	940.318	-561.4518
9877.7525	3453.8885	944.5209	-563.616
10059.3587	3533.3535	945.6288	-565.0396
10352.4288	3475.5082	955.9305	-563.618
10332.7123	3327.3627	954.2829	-563.5015
10283.8372	3240.6267	951.614	-561.9772
10468.2095	3346.7717	962.1771	-559.4581
10619.8653	3333.8235	966.3554	-561.7692
10791.4164	3327.0728	967.0277	-563.59
54.956	4208.2173	-0.1832	-0.891
217.5634	4282.7907	6.9753	-2.7739
330.1857	4229.0256	6.2708	-6.4554
428.2754	4152.7337	12.1125	-1.3082
540.7338	4020.5271	6.3358	-1.3856
577.3922	4139.3818	13.1104	-3.3094
697.9689	4170.4914	14.6391	-6.0908
891.3114	4117.8108	19.2474	-2.6909
1009.9014	4062.8425	23.4365	-7.7334
1184.6181	4067.3557	23.7093	-7.0512
1353.2205	4024.1467	25.9082	-5.3014
1465.4073	4123.8031	27.589	-5.7351
1840.2069	4108.5306	29.7387	-4.1411
1987.4774	4135.5254	31.1799	-5.0353
2098.4846	4197.7849	32.8737	-1.3672
2266.9568	4098.2203	51.1486	-24.7842
2412.9559	4065.193	54.6615	-11.7956
2530.941	4027.5038	53.8475	-12.4318
2777.8823	4136.9287	58.9824	-1.8806
3138.3505	4193.1677	236.8604	-73.7676
3217.4563	3948.901	165.4604	-169.0411
3557.9709	3727.8245	346.4767	-456.5709
3685.3606	3331.839	302.8493	-774.6344
3916.0781	3372.6808	358.8342	-725.6176
4141.1753	3432.1796	394.4038	-726.9656
4265.5376	3420.8792	404.5611	-687.8664
4438.2446	3500.9179	461.612	-675.1898
4706.6132	3221.3446	535.7143	-989.1429
4778.9818	3122.178	494.4334	-1040.1725
4717.888	3014.0873	455.3612	-1026.5088
4901.21	3122.7971	493.8479	-1023.9349
4996.1188	3101.0091	491.956	-1026.292
5107.9364	3052.0743	503.4892	-1003.0388
5210.3001	3123.4368	503.8739	-1002.8285
5511.9363	3202.5954	511.9875	-995.5216
5561.8158	3062.5615	512.6604	-993.979
5728.4129	3113.8689	516.9527	-1003.9755
5845.057	3230.3721	521.9511	-987.5234
6021.8626	3219.7906	525.2847	-988.0885
6209.9086	3287.3884	526.5522	-987.583
6384.5865	3297.5993	527.9875	-988.9577
6565.5331	3381.8628	540.9274	-1009.7024
6836.8946	3215.2322	550.5079	-1004.8674
6980.0625	3273.4445	553.2849	-997.072
7149.0914	3205.7736	601.8592	-1090.6988
7443.2218	3413.1621	668.5304	-899.2123
7639.3567	3449.3695	708.6602	-724.5984
7813.2502	3409.5607	758.4795	-770.6221
8106.7125	3683.33	840.4021	-626.9133
8264.6385	3536.5258	872.8252	-591.7964
8431.0368	3586.8906	916.5927	-563.2072
8524.7376	3688.8071	918.2834	-561.5717
8664.6397	3634.8163	920.0003	-562.053
8807.8511	3577.9072	924.1408	-567.9624
8932.7354	3571.5629	925.0471	-567.8566
9050.5318	3614.675	927.3139	-569.6115
9427.6219	3636.2041	936.0477	-563.0476
9625.6877	3611.2212	937.9391	-561.6382
9754.8014	3607.9204	942.3662	-562.5621
9953.5483	3638.4631	945.7627	-564.1574
10097.8844	3676.6492	947.5031	-566.5405
10204.2959	3566.1401	948.2084	-572.3844
10440.4835	3625.5276	959.4892	-564.5734
10558.3146	3496.374	964.6931	-561.5143
10776.5135	3550.8892	967.5698	-564.1767
10943.7086	3602.3238	969.3225	-569.3889
10900.9736	3825.8315	973.16	-562.6179
75.6008	4384.2681	3.5322	-5.7209
368.7591	4371.493	10.4993	-7.7972
514.306	4275.0718	14.276	-2.6602
701.7257	4343.824	15.7812	-5.8368
794.536	4196.0265	15.4913	-6.2599
1024.4779	4186.6308	22.4202	-7.7246
1041.8863	4335.2527	22.5083	-7.561
1173.9558	4264.9298	23.7084	-7.1675
1316.8749	4215.9432	25.4997	-7.6592
1658.2285	4239.3411	28.0871	-5.2723
1800.7905	4378.9948	29.5104	-6.0199
1943.01	4277.6984	30.6529	-5.1689
2264.4516	4308.876	48.0906	-19.2443
2388.1319	4186.565	55.4681	-11.9418
2562.5997	4197.7573	55.7804	-13.1163
2938.2978	4206.5322	231.1024	-104.1991
3384.333	3851.7572	296.3182	-485.2925
3145.8101	4018.4382	79.1652	-196.7865
3636.6188	3601.6648	372.0129	-722.4656
3718.1231	3477.3479	321.109	-777.6368
4013.1254	3601.3466	410.2664	-740.6478
4261.8268	3593.9396	411.9958	-734.7124
4593.1114	3317.1527	520.9769	-1003.8479
4767.4037	3329.1568	521.7311	-981.1797
4892.7276	3247.0789	504.0483	-1022.2565
5071.0096	3229.5876	508.5986	-1033.9364
5244.5837	3243.2683	509.7227	-1003.5553
5414.9224	3346.7241	512.033	-1005.0491
5659.0111	3300.9278	512.5863	-1005.0832
5917.8518	3388.3054	524.4002	-988.6322
6052.2899	3454.707	524.2861	-988.2849
6077.91	3358.4158	526.1487	-988.0297
6151.8902	3425.6574	527.8785	-989.456
6316.6277	3484.7355	527.8333	-988.4847
6686.491	3570.147	540.8164	-1009.683
6814.9171	3386.1553	541.4994	-1009.332
7101.2547	3360.266	612.3895	-1046.3403
7273.8072	3237.7913	662.7083	-1133.511
7566.2821	3607.8476	710.1857	-912.9672
7789.1512	3581.3373	768.5586	-770.0802
8206.4097	3855.2053	838.7977	-627.1724
8312.5888	3789.7517	868.8568	-594.5621
8335.5529	3667.4163	877.3295	-593.4138
8420.9247	3758.008	882.1622	-596.6702
8688.3905	3806.5714	927.1158	-562.8245
8906.3052	3750.5662	927.0946	-569.3864
9202.3617	3751.6138	930.7343	-564.7069
9441.0939	3835.1673	937.2056	-563.0817
9577.4367	3767.5953	939.2871	-565.6872
9721.4294	3726.7244	941.6394	-563.1405
9832.8137	3667.1898	944.0641	-564.0158
9894.4762	3829.125	945.6399	-564.8077
10283.4925	3748.4153	950.3446	-573.3554
10607.9215	3733.5203	963.5308	-568.4544
10672.7928	3895.6485	974.8316	-572.4771
10782.6989	3725.5626	964.8598	-563.0737
10751.2525	3833.6903	971.0585	-578.103
10930.7814	3972.0841	973.3368	-562.3433
53.9904	4571.3271	0.3182	-0.2152
109.0547	4682.9419	11.3828	-5.116
228.2404	4512.9338	7.3557	-9.7101
423.3525	4509.9377	12.9864	-9.4067
528.3138	4442.2437	12.3603	-10.6286
634.0752	4508.5596	23.1495	-25.2633
756.0511	4535.3648	20.5916	-7.2016
897.9074	4267.1739	19.9088	-10.7207
1211.6102	4459.576	25.4483	-7.8258
1444.7336	4368.4777	26.218	-7.2405
1633.5815	4436.3445	26.8086	-5.4872
1745.7805	4491.0768	27.9105	-6.31
1892.7527	4463.2755	49.2166	-23.2458
2067.5199	4462.2667	49.5124	-17.1722
2240.6205	4482.1581	49.4882	-19.0711
2456.1266	4365.9397	48.6059	-17.63
2743.1259	4330.9297	166.3467	-93.3607
3027.7159	4416.2696	236.0817	-74.2811
3334.3161	3991.6625	347.4733	-455.5904
3670.1518	3861.4977	467.7519	-570.1984
3714.1504	3977.9872	477.9263	-573.1657
3782.9447	3696.5351	387.2372	-782.8885
4145.0354	3813.4613	406.6617	-737.7175
4433.4995	3625.6238	466.868	-950.0538
4366.7255	3733.4899	439.5018	-751.1142
4457.5902	3378.394	432.7927	-1084.7691
4691.9616	3488.386	519.9615	-1003.3781
4831.3303	3435.0728	527.3837	-985.5996
4976.5948	3404.8317	523.2072	-1026.0636
5122.2671	3370.3792	521.2374	-1036.8914
5232.8005	3428.0396	510.7626	-1007.0992
5348.8585	3508.103	511.5272	-1005.1884
5448.4939	3518.0079	512.0338	-1004.9429
5566.033	3477.4251	512.4973	-1004.6659
5755.1402	3541.1356	512.1843	-1001.3255
5938.4514	3535.8874	522.0932	-988.0829
6036.6578	3553.1878	522.5566	-988.3395
6156.7103	3642.3474	524.9065	-990.903
6497.6027	3569.5758	539.7654	-1010.1754
6563.9253	3758.0765	539.7419	-1010.2054
6861.1603	3580.0404	541.0697	-1009.3352
6987.854	3412.8145	577.4078	-1090.6946
7109.2196	3484.7154	610.7616	-1065.2148
7250.6078	3360.5431	640.7271	-1134.2593
7282.1312	3481.3272	569.1312	-1082.3406
7772.1727	3754.7296	766.8603	-770.8552
8016.8399	3916.2476	838.1769	-627.6738
8318.3061	3954.7129	869.8176	-653.7157
8389.9226	3852.661	898.3202	-638.6188
8442.1041	3937.5863	874.679	-633.8488
8516.7053	3838.0787	906.2519	-617.0338
8892.5954	3974.1166	920.0862	-569.6792
9053.6724	3884.9915	926.8417	-568.6406
9173.2349	3923.5421	926.7105	-565.8073
9228.822	4006.3009	930.5295	-568.4958
9314.9355	3915.9177	933.8849	-566.5445
9430.7769	3962.5549	937.1763	-573.493
9579.3193	3942.1773	938.9193	-565.2423
9694.9704	3847.4995	940.4719	-563.6497
9751.1949	3929.1139	944.267	-566.4832
10000.7823	3966.7964	949.3104	-567.5944
10094.3708	3825.4513	947.1029	-566.4448
10273.3956	3947.5293	948.7681	-573.5283
10452.3951	3895.2002	954.087	-576.9899
10596.2382	3994.1938	959.0014	-582.7056
10696.0858	4105.7874	966.1004	-587.8382
10720.7448	3983.2504	962.0702	-564.1845
10814.285	3948.0991	959.8279	-570.9764
36.6261	4751.7537	5.4574	-10.8358
145.4825	4775.759	14.5035	-6.3591
233.8404	4687.5551	11.6565	-9.5093
368.2782	4621.3305	11.1329	-10.6624
517.3993	4591.5489	13.5088	-10.3719
656.4677	4647.0148	14.2756	-12.0817
792.288	4654.7558	21.1636	-7.3965
903.8668	4441.8626	19.1169	-10.6549
1036.5547	4555.6651	22.261	-13.2554
1384.7265	4558.9986	25.2886	-7.1653
1533.8889	4547.2044	25.5112	-6.8021
1669.4977	4555.6947	28.0512	-5.8794
1831.5873	4542.1774	44.7367	-26.4024
1942.3347	4677.5651	41.2511	-22.4754
2224.6517	4656.0805	74.4553	-34.4631
2364.7914	4483.8314	49.1553	-17.5632
2594.5067	4422.8498	137.3307	-127.5165
2837.506	4477.4581	217.2777	-115.7848
3044.6339	4615.3317	237.2866	-73.6639
3330.4951	4140.6086	368.6685	-454.1253
3525.6194	3899.595	423.2983	-643.2683
3614.7673	3986.6438	410.834	-658.6617
3783.6603	4049.2179	482.0651	-577.077
3965.4184	3900.5127	407.1155	-736.4421
3949.9399	3764.3917	382.5263	-748.3702
4137.5469	3987.8511	476.4691	-720.0915
4295.4214	3945.155	483.1594	-791.6584
4324.0237	3823.6387	434.6174	-814.9709
4554.4682	3595.7665	479.6642	-1041.167
4738.2735	3655.8969	515.4658	-1002.4409
4851.7637	3558.0539	518.5874	-999.1909
4992.6618	3607.002	521.3494	-1006.5053
5111.2322	3515.5254	515.1658	-1015.9141
5246.4281	3578.8547	511.0088	-1005.4213
5388.2559	3626.5775	511.3189	-1005.2623
5560.7366	3653.058	511.0963	-1003.6208
5794.7132	3736.824	519.8113	-1002.6956
5961.0591	3683.3115	525.12	-988.4976
6088.2592	3803.2719	526.5896	-990.0795
6267.3194	3777.6361	523.072	-989.2365
6306.0236	3659.0556	525.1615	-988.4913
6405.8349	3654.3007	545.5027	-1053.3546
6756.8991	3813.9628	540.1704	-1008.2136
6774.7491	3690.4692	538.7442	-1008.4615
6873.2219	3704.0018	538.5684	-1009.0462
7009.6939	3560.0213	559.9746	-1104.5069
7197.4176	3573.0775	599.2214	-1070.7549
7367.6227	3624.4459	605.3502	-1080.2019
7754.5842	3928.1682	767.7746	-775.0987
8020.8155	4115.9751	838.4795	-627.8334
8185.1801	4023.6328	865.2691	-661.2166
8455.0198	4061.2785	873.5998	-633.6899
8670.6212	4029.8154	917.0907	-563.7066
8992.5779	4085.5041	923.8353	-572.5362
9102.5382	4026.3171	926.8395	-568.4818
9201.6913	4102.2121	927.3243	-569.1893
9344.6636	4062.414	934.1611	-566.7847
9506.8194	4127.8869	934.4423	-566.9401
9738.9569	4102.8305	943.1573	-566.7583
9883.0805	4003.6161	944.8521	-564.6072
9991.7326	4140.7775	949.1685	-567.6785
10125.3674	3971.3132	949.5916	-566.3714
10373.2138	4022.3393	952.329	-578.0251
10470.8902	4043.4333	952.1103	-577.0866
10549.9861	4139.4666	965.1727	-586.9955
10652.006	4249.1471	959.227	-589.4675
10870.8943	4108.7968	968.9324	-563.7122
74.5137	4878.3304	-0.3122	-15.1167
371.1158	4795.9244	12.9438	-10.8257
536.9374	4740.0188	13.3223	-10.4305
843.6785	4740.365	25.158	-9.7301
869.2987	4587.671	21.8518	-9.8944
953.0911	4680.1205	24.101	-11.8482
1145.5722	4621.2511	22.9265	-8.9595
1266.8566	4651.4833	23.4073	-8.9021
1469.7106	4682.4654	25.3712	-6.9768
1619.3613	4669.9452	25.6616	-6.8337
1755.3636	4606.7851	44.4738	-26.6346
1752.2119	4738.9796	39.254	-28.1429
2424.1686	4668.3897	122.8539	-152.7201
2502.9759	4541.031	158.3401	-107.1524
2707.6003	4476.4386	192.3766	-184.5131
2854.0969	4675.9228	217.1979	-116.3057
3206.7989	4354.135	384.2744	-458.8058
3299.4338	4261.5446	370.5409	-453.496
3490.4301	4070.4695	412.4708	-654.8448
3778.1953	4149.0886	478.9656	-576.8354
3815.781	3895.5583	401.0762	-782.7339
4039.4109	4064.8208	516.861	-717.5831
4163.0544	4084.4498	517.8784	-722.0963
4491.5121	3735.9021	527.1844	-1002.3507
4651.0004	3807.1633	524.6309	-996.8107
4889.9202	3784.8791	515.9664	-1003.1492
5136.1589	3745.5459	516.2159	-1001.1857
5308.5066	3721.6296	515.5291	-1002.1439
5294.2753	3820.5274	516.5956	-1001.9482
5422.3113	3772.5265	517.2922	-1006.3459
5536.1456	3823.4465	517.6896	-1007.4435
5658.3026	3798.3264	517.5711	-1007.5341
5897.4046	3846.0957	510.776	-993.3781
6392.194	3860.2749	539.7458	-1010.1277
7033.0051	3772.8548	608.6593	-1089.8391
7227.0886	3727.524	615.543	-1065.4914
8311.4677	4104.3534	863.6255	-658.2473
8526.9664	4220.298	887.7709	-639.4221
8676.0915	4204.6244	918.2367	-563.6188
8857.0722	4195.9618	924.3591	-571.126
9088.5838	4200.5186	924.1648	-572.4842
9203.9867	4296.241	924.0806	-572.3776
9281.3972	4198.1957	927.8042	-569.5515
9410.7293	4273.919	928.4716	-570.6509
9617.6073	4228.8709	938.3826	-571.1301
9842.4049	4273.7379	947.5402	-569.3611
10143.759	4270.5324	953.6555	-572.7832
10223.8075	4115.0967	957.6772	-570.8536
10396.1595	4144.891	960.3	-579.3088
10427.5383	4265.785	958.876	-578.894
10527.4503	4262.3208	959.0453	-587.9366
10774.1615	4223.2125	965.0137	-567.0337
10962.003	4227.7961	982.0178	-572.5118
725.2193	4780.0516	22.7729	-16.1259
1092.8497	4734.3235	23.0622	-8.8751
1214.0819	4764.6804	23.1262	-9.0129
1357.5364	4737.3984	24.0753	-9.553
1555.4857	4805.4474	25.4578	-6.9427
1844.8931	4822.7968	36.8417	-25.3533
2646.1008	4585.3088	206.5267	-178.2398
3443.3827	4238.915	498.5743	-599.866
3662.5962	4101.842	440.3841	-722.2417
3895.1171	4105.1387	517.7164	-718.2143
10302.6795	4271.0221	958.9285	-571.4797