622316.863251	5676979.587543	2285.999999	623325.627099	5676749.734400	2773.679999	622830.044972	5675583.181463	2255.519999	622197.015304	5676729.510835	2438.399999
622316.863251	5676979.587543	2285.999999	623325.627099	5676749.734400	2773.679999	622830.044972	5675583.181463	2255.519999	622219.982389	5676390.047165	2285.999999
622316.863251	5676979.587543	2285.999999	623325.627099	5676749.734400	2773.679999	622830.044972	5675583.181463	2255.519999	622647.874422	5676419.618557	2712.719999
622316.863251	5676979.587543	2285.999999	623325.627099	5676749.734400	2773.679999	622830.044972	5675583.181463	2255.519999	622625.287047	5676040.570792	2529.839999
622316.863251	5676979.587543	2285.999999	623325.627099	5676749.734400	2773.679999	622830.044972	5675583.181463	2255.519999	622598.231090	5675529.573364	2407.919999
622829.943827	5675587.406938	2255.519999	623903.673503	5673760.945254	2407.919999	623242.505126	5672878.536993	1828.799999	622598.060305	5675533.797172	2407.919999
622829.943827	5675587.406938	2255.519999	623903.673503	5673760.945254	2407.919999	623242.505126	5672878.536993	1828.799999	622983.229356	5674864.881221	2468.879999
622829.943827	5675587.406938	2255.519999	623903.673503	5673760.945254	2407.919999	623242.505126	5672878.536993	1828.799999	622797.592173	5674544.791205	2285.999999
622829.943827	5675587.406938	2255.519999	623903.673503	5673760.945254	2407.919999	623242.505126	5672878.536993	1828.799999	622795.038463	5673924.009813	2133.599999
622829.943827	5675587.406938	2255.519999	623903.673503	5673760.945254	2407.919999	623242.505126	5672878.536993	1828.799999	622726.423157	5673382.090775	1981.199999
622829.943827	5675587.406938	2255.519999	623903.673503	5673760.945254	2407.919999	623242.505126	5672878.536993	1828.799999	623088.228083	5673490.439799	2194.559999
622829.943827	5675587.406938	2255.519999	623903.673503	5673760.945254	2407.919999	623242.505126	5672878.536993	1828.799999	622898.246496	5673174.583614	1981.199999
622829.943827	5675587.406938	2255.519999	623903.673503	5673760.945254	2407.919999	623242.505126	5672878.536993	1828.799999	622853.456435	5672828.939843	1859.279999
624482.121484	5670334.185641	1981.199999	624074.180909	5672324.677878	2133.599999	623242.505126	5672878.536993	1828.799999	623032.459774	5672664.109513	1981.199999
624482.121484	5670334.185641	1981.199999	624074.180909	5672324.677878	2133.599999	623242.505126	5672878.536993	1828.799999	623653.114174	5672069.974138	2133.599999
624482.121484	5670334.185641	1981.199999	624074.180909	5672324.677878	2133.599999	623242.505126	5672878.536993	1828.799999	623866.306789	5672037.949099	2285.999999
624482.121484	5670334.185641	1981.199999	624074.180909	5672324.677878	2133.599999	623242.505126	5672878.536993	1828.799999	624007.761580	5671710.472350	2285.999999
624482.121484	5670334.185641	1981.199999	624074.180909	5672324.677878	2133.599999	623242.505126	5672878.536993	1828.799999	624063.846891	5671397.514867	2285.999999
624482.121484	5670334.185641	1981.199999	624074.180909	5672324.677878	2133.599999	623242.505126	5672878.536993	1828.799999	624247.680205	5670790.690109	2225.039999
624482.121484	5670334.185641	1981.199999	624074.180909	5672324.677878	2133.599999	623242.505126	5672878.536993	1828.799999	624203.393304	5670287.722931	2133.599999
624482.121484	5670334.185641	1981.199999	625366.909181	5670275.025003	2468.879999	625193.169092	5669700.242160	2194.559999	624298.902380	5669933.441337	2042.159999
624482.121484	5670334.185641	1981.199999	625366.909181	5670275.025003	2468.879999	625193.169092	5669700.242160	2194.559999	624502.290521	5669663.104066	2072.639999
624482.121484	5670334.185641	1981.199999	625366.909181	5670275.025003	2468.879999	625193.169092	5669700.242160	2194.559999	624853.154058	5669430.955280	2133.599999
625520.169605	5669271.958896	2225.039999	626243.923285	5668778.651023	2590.799999	626101.333934	5668013.565268	2164.079999	625172.350229	5669121.510547	2285.999999
625520.169605	5669271.958896	2225.039999	626243.923285	5668778.651023	2590.799999	626101.333934	5668013.565268	2164.079999	625205.093781	5668880.092103	2285.999999
625520.169605	5669271.958896	2225.039999	626243.923285	5668778.651023	2590.799999	626101.333934	5668013.565268	2164.079999	625139.351941	5668525.349224	2072.639999
625520.169605	5669271.958896	2225.039999	626243.923285	5668778.651023	2590.799999	626101.333934	5668013.565268	2164.079999	625352.103861	5668365.752392	2225.039999
625520.169605	5669271.958896	2225.039999	626243.923285	5668778.651023	2590.799999	626101.333934	5668013.565268	2164.079999	625406.321839	5668116.513800	2133.599999
625520.169605	5669271.958896	2225.039999	626243.923285	5668778.651023	2590.799999	626101.333934	5668013.565268	2164.079999	625430.642206	5667730.362934	1950.719999
626883.386154	5666289.093807	2133.599999	626745.031274	5667500.889725	2468.879999	626101.333934	5668013.565268	2164.079999	625430.642206	5667730.362934	1950.719999
626883.386154	5666289.093807	2133.599999	626745.031274	5667500.889725	2468.879999	626101.333934	5668013.565268	2164.079999	625711.063120	5667440.918844	2133.599999
626883.386154	5666289.093807	2133.599999	626745.031274	5667500.889725	2468.879999	626101.333934	5668013.565268	2164.079999	625639.537105	5666996.685756	1859.279999
626883.386154	5666289.093807	2133.599999	626745.031274	5667500.889725	2468.879999	626101.333934	5668013.565268	2164.079999	625995.477584	5666875.324397	2072.639999
626883.386154	5666289.093807	2133.599999	626745.031274	5667500.889725	2468.879999	626101.333934	5668013.565268	2164.079999	625987.719724	5666568.942991	1981.199999
626883.386154	5666289.093807	2133.599999	626745.031274	5667500.889725	2468.879999	626101.333934	5668013.565268	2164.079999	626347.478050	5666464.721023	2164.079999
626883.386154	5666289.093807	2133.599999	626745.031274	5667500.889725	2468.879999	626101.333934	5668013.565268	2164.079999	626265.203351	5665952.122448	1920.239999
628501.286337	5661753.316253	1737.359999	628901.082683	5660455.626215	1554.480000	629366.899195	5659789.031821	1676.399999	628262.083312	5661941.956306	1981.199999
628501.286337	5661753.316253	1737.359999	628901.082683	5660455.626215	1554.480000	629366.899195	5659789.031821	1676.399999	628443.766485	5661407.302308	1981.199999
628501.286337	5661753.316253	1737.359999	628901.082683	5660455.626215	1554.480000	629366.899195	5659789.031821	1676.399999	628407.059055	5660934.301108	1828.799999
628501.286337	5661753.316253	1737.359999	628901.082683	5660455.626215	1554.480000	629366.899195	5659789.031821	1676.399999	628352.160209	5660499.122215	1676.399999
628501.286337	5661753.316253	1737.359999	628901.082683	5660455.626215	1554.480000	629366.899195	5659789.031821	1676.399999	628326.328082	5660230.448506	1584.960000
628501.286337	5661753.316253	1737.359999	628901.082683	5660455.626215	1554.480000	629366.899195	5659789.031821	1676.399999	628338.082612	5659839.765676	1524.000000
628501.286337	5661753.316253	1737.359999	628901.082683	5660455.626215	1554.480000	629366.899195	5659789.031821	1676.399999	628378.870800	5659471.056664	1463.040000
629381.732082	5658730.848003	1341.120000	628901.082683	5660455.626215	1554.480000	629366.899195	5659789.031821	1676.399999	628378.870800	5659471.056664	1463.040000
629381.732082	5658730.848003	1341.120000	628901.082683	5660455.626215	1554.480000	629366.899195	5659789.031821	1676.399999	628477.329128	5659019.002196	1402.080000
629381.732082	5658730.848003	1341.120000	628901.082683	5660455.626215	1554.480000	629366.899195	5659789.031821	1676.399999	628582.128472	5658639.427662	1341.120000
632363.696877	5655701.856035	2011.679999	632418.571080	5655006.187924	1767.839999	632837.871715	5654189.474752	2103.119999	632128.789092	5655325.106594	1981.199999
632363.696877	5655701.856035	2011.679999	632418.571080	5655006.187924	1767.839999	632837.871715	5654189.474752	2103.119999	632171.098755	5654905.386149	1859.279999
632363.696877	5655701.856035	2011.679999	632418.571080	5655006.187924	1767.839999	632837.871715	5654189.474752	2103.119999	632374.496732	5654494.686697	1981.199999
632363.696877	5655701.856035	2011.679999	632418.571080	5655006.187924	1767.839999	632837.871715	5654189.474752	2103.119999	632516.707330	5654282.033608	2133.599999
632363.696877	5655701.856035	2011.679999	632418.571080	5655006.187924	1767.839999	632837.871715	5654189.474752	2103.119999	632637.138337	5654089.965216	2255.519999
632717.520572	5653110.339317	1767.839999	632418.571080	5655006.187924	1767.839999	632837.871715	5654189.474752	2103.119999	632637.138337	5654089.965216	2255.519999
632717.520572	5653110.339317	1767.839999	632418.571080	5655006.187924	1767.839999	632837.871715	5654189.474752	2103.119999	632617.164148	5653766.339415	2164.079999
632717.520572	5653110.339317	1767.839999	632418.571080	5655006.187924	1767.839999	632837.871715	5654189.474752	2103.119999	632481.258369	5653486.026907	1981.199999
