0.728	0.728	0.728	0.728	0.728	0.728	0.728	0.728	0.728	0.728	0.728	0.728	0.728	0.728	0.728	0.728	0.728	0.728	0.728	0.728	0.728	0.728	0.728	0.728	0.728	0.728	0.728	0.728	0.728	0.728	0.728	0.728	0.728	0.728	0.728	0.728	0.728	0.728	0.728	0.728	0.728	0.728	0.728	0.728	0.728	0.728	0.728	0.728	0.728	0.728	0.728	0.728	0.728	0.728	0.728	0.728	0.728	0.728	0.728	0.728	0.728	0.728	0.728	0.728	0.728	0.728	0.728	0.728	0.728	0.728	0.728	0.728	0.728	0.728	0.728	0.728	0.728	0.728	0.728	0.728	0.728	0.728
50.728	50.728	50.728	50.728	50.728	50.728	50.728	50.728	50.728	50.728	50.728	50.728	50.728	50.728	50.728	50.728	50.728	50.728	50.728	50.728	50.728	50.728	50.728	50.728	50.728	50.728	50.728	50.728	50.728	50.728	50.728	50.728	50.728	50.728	50.728	50.728	50.728	50.728	50.728	50.728	50.728	50.728	50.728	50.728	50.728	50.728	50.728	50.728	50.728	50.728	50.728	50.728	50.728	50.728	50.728	50.728	50.728	50.728	50.728	50.728	50.728	50.728	50.728	50.728	50.728	50.728	50.728	50.728	50.728	50.728	50.728	50.728	50.728	50.728	50.728	50.728	50.728	50.728	50.728	50.728	50.728	50.728
100.73	100.73	100.73	100.73	100.73	100.73	100.73	100.73	100.73	100.73	100.73	100.73	100.73	100.73	100.73	100.73	100.73	100.73	100.73	100.73	100.73	100.73	100.73	100.73	100.73	100.73	100.73	100.73	100.73	100.73	100.73	100.73	100.73	100.73	100.73	100.73	100.73	100.73	100.73	100.73	100.73	100.73	100.73	100.73	100.73	100.73	100.73	100.73	100.73	100.73	100.73	100.73	100.73	100.73	100.73	100.73	100.73	100.73	100.73	100.73	100.73	100.73	100.73	100.73	100.73	100.73	100.73	100.73	100.73	100.73	100.73	100.73	100.73	100.73	100.73	100.73	100.73	100.73	100.73	100.73	100.73	100.73
150.73	150.73	150.73	150.73	150.73	150.73	150.73	150.73	150.73	150.73	150.73	150.73	150.73	150.73	150.73	150.73	150.73	150.73	150.73	150.73	150.73	150.73	150.73	150.73	150.73	150.73	150.73	150.73	150.73	150.73	150.73	150.73	150.73	150.73	150.73	150.73	150.73	150.73	150.73	150.73	150.73	150.73	150.73	150.73	150.73	150.73	150.73	150.73	150.73	150.73	150.73	150.73	150.73	150.73	150.73	150.73	150.73	150.73	150.73	150.73	150.73	150.73	150.73	150.73	150.73	150.73	150.73	150.73	150.73	150.73	150.73	150.73	150.73	150.73	150.73	150.73	150.73	150.73	150.73	150.73	150.73	150.73
200.73	200.73	200.73	200.73	200.73	200.73	200.73	200.73	200.73	200.73	200.73	200.73	200.73	200.73	200.73	200.73	200.73	200.73	200.73	200.73	200.73	200.73	200.73	200.73	200.73	200.73	200.73	200.73	200.73	200.73	200.73	200.73	200.73	200.73	200.73	200.73	200.73	200.73	200.73	200.73	200.73	200.73	200.73	200.73	200.73	200.73	200.73	200.73	200.73	200.73	200.73	200.73	200.73	200.73	200.73	200.73	200.73	200.73	200.73	200.73	200.73	200.73	200.73	200.73	200.73	200.73	200.73	200.73	200.73	200.73	200.73	200.73	200.73	200.73	200.73	200.73	200.73	200.73	200.73	200.73	200.73	200.73
250.73	250.73	250.73	250.73	250.73	250.73	250.73	250.73	250.73	250.73	250.73	250.73	250.73	250.73	250.73	250.73	250.73	250.73	250.73	250.73	250.73	250.73	250.73	250.73	250.73	250.73	250.73	250.73	250.73	250.73	250.73	250.73	250.73	250.73	250.73	250.73	250.73	250.73	250.73	250.73	250.73	250.73	250.73	250.73	250.73	250.73	250.73	250.73	250.73	250.73	250.73	250.73	250.73	250.73	250.73	250.73	250.73	250.73	250.73	250.73	250.73	250.73	250.73	250.73	250.73	250.73	250.73	250.73	250.73	250.73	250.73	250.73	250.73	250.73	250.73	250.73	250.73	250.73	250.73	250.73	250.73	250.73
300.73	300.73	300.73	300.73	300.73	300.73	300.73	300.73	300.73	300.73	300.73	300.73	300.73	300.73	300.73	300.73	300.73	300.73	300.73	300.73	300.73	300.73	300.73	300.73	300.73	300.73	300.73	300.73	300.73	300.73	300.73	300.73	300.73	300.73	300.73	300.73	300.73	300.73	300.73	300.73	300.73	300.73	300.73	300.73	300.73	300.73	300.73	300.73	300.73	300.73	300.73	300.73	300.73	300.73	300.73	300.73	300.73	300.73	300.73	300.73	300.73	300.73	300.73	300.73	300.73	300.73	300.73	300.73	300.73	300.73	300.73	300.73	300.73	300.73	300.73	300.73	300.73	300.73	300.73	300.73	300.73	300.73
350.73	350.73	350.73	350.73	350.73	350.73	350.73	350.73	350.73	350.73	350.73	350.73	350.73	350.73	350.73	350.73	350.73	350.73	350.73	350.73	350.73	350.73	350.73	350.73	350.73	350.73	350.73	350.73	350.73	350.73	350.73	350.73	350.73	350.73	350.73	350.73	350.73	350.73	350.73	350.73	350.73	350.73	350.73	350.73	350.73	350.73	350.73	350.73	350.73	350.73	350.73	350.73	350.73	350.73	350.73	350.73	350.73	350.73	350.73	350.73	350.73	350.73	350.73	350.73	350.73	350.73	350.73	350.73	350.73	350.73	350.73	350.73	350.73	350.73	350.73	350.73	350.73	350.73	350.73	350.73	350.73	350.73
400.73	400.73	400.73	400.73	400.73	400.73	400.73	400.73	400.73	400.73	400.73	400.73	400.73	400.73	400.73	400.73	400.73	400.73	400.73	400.73	400.73	400.73	400.73	400.73	400.73	400.73	400.73	400.73	400.73	400.73	400.73	400.73	400.73	400.73	400.73	400.73	400.73	400.73	400.73	400.73	400.73	400.73	400.73	400.73	400.73	400.73	400.73	400.73	400.73	400.73	400.73	400.73	400.73	400.73	400.73	400.73	400.73	400.73	400.73	400.73	400.73	400.73	400.73	400.73	400.73	400.73	400.73	400.73	400.73	400.73	400.73	400.73	400.73	400.73	400.73	400.73	400.73	400.73	400.73	400.73	400.73	400.73
450.73	450.73	450.73	450.73	450.73	450.73	450.73	450.73	450.73	450.73	450.73	450.73	450.73	450.73	450.73	450.73	450.73	450.73	450.73	450.73	450.73	450.73	450.73	450.73	450.73	450.73	450.73	450.73	450.73	450.73	450.73	450.73	450.73	450.73	450.73	450.73	450.73	450.73	450.73	450.73	450.73	450.73	450.73	450.73	450.73	450.73	450.73	450.73	450.73	450.73	450.73	450.73	450.73	450.73	450.73	450.73	450.73	450.73	450.73	450.73	450.73	450.73	450.73	450.73	450.73	450.73	450.73	450.73	450.73	450.73	450.73	450.73	450.73	450.73	450.73	450.73	450.73	450.73	450.73	450.73	450.73	450.73
500.73	500.73	500.73	500.73	500.73	500.73	500.73	500.73	500.73	500.73	500.73	500.73	500.73	500.73	500.73	500.73	500.73	500.73	500.73	500.73	500.73	500.73	500.73	500.73	500.73	500.73	500.73	500.73	500.73	500.73	500.73	500.73	500.73	500.73	500.73	500.73	500.73	500.73	500.73	500.73	500.73	500.73	500.73	500.73	500.73	500.73	500.73	500.73	500.73	500.73	500.73	500.73	500.73	500.73	500.73	500.73	500.73	500.73	500.73	500.73	500.73	500.73	500.73	500.73	500.73	500.73	500.73	500.73	500.73	500.73	500.73	500.73	500.73	500.73	500.73	500.73	500.73	500.73	500.73	500.73	500.73	500.73
550.73	550.73	550.73	550.73	550.73	550.73	550.73	550.73	550.73	550.73	550.73	550.73	550.73	550.73	550.73	550.73	550.73	550.73	550.73	550.73	550.73	550.73	550.73	550.73	550.73	550.73	550.73	550.73	550.73	550.73	550.73	550.73	550.73	550.73	550.73	550.73	550.73	550.73	550.73	550.73	550.73	550.73	550.73	550.73	550.73	550.73	550.73	550.73	550.73	550.73	550.73	550.73	550.73	550.73	550.73	550.73	550.73	550.73	550.73	550.73	550.73	550.73	550.73	550.73	550.73	550.73	550.73	550.73	550.73	550.73	550.73	550.73	550.73	550.73	550.73	550.73	550.73	550.73	550.73	550.73	550.73	550.73
600.73	600.73	600.73	600.73	600.73	600.73	600.73	600.73	600.73	600.73	600.73	600.73	600.73	600.73	600.73	600.73	600.73	600.73	600.73	600.73	600.73	600.73	600.73	600.73	600.73	600.73	600.73	600.73	600.73	600.73	600.73	600.73	600.73	600.73	600.73	600.73	600.73	600.73	600.73	600.73	600.73	600.73	600.73	600.73	600.73	600.73	600.73	600.73	600.73	600.73	600.73	600.73	600.73	600.73	600.73	600.73	600.73	600.73	600.73	600.73	600.73	600.73	600.73	600.73	600.73	600.73	600.73	600.73	600.73	600.73	600.73	600.73	600.73	600.73	600.73	600.73	600.73	600.73	600.73	600.73	600.73	600.73
650.73	650.73	650.73	650.73	650.73	650.73	650.73	650.73	650.73	650.73	650.73	650.73	650.73	650.73	650.73	650.73	650.73	650.73	650.73	650.73	650.73	650.73	650.73	650.73	650.73	650.73	650.73	650.73	650.73	650.73	650.73	650.73	650.73	650.73	650.73	650.73	650.73	650.73	650.73	650.73	650.73	650.73	650.73	650.73	650.73	650.73	650.73	650.73	650.73	650.73	650.73	650.73	650.73	650.73	650.73	650.73	650.73	650.73	650.73	650.73	650.73	650.73	650.73	650.73	650.73	650.73	650.73	650.73	650.73	650.73	650.73	650.73	650.73	650.73	650.73	650.73	650.73	650.73	650.73	650.73	650.73	650.73
700.73	700.73	700.73	700.73	700.73	700.73	700.73	700.73	700.73	700.73	700.73	700.73	700.73	700.73	700.73	700.73	700.73	700.73	700.73	700.73	700.73	700.73	700.73	700.73	700.73	700.73	700.73	700.73	700.73	700.73	700.73	700.73	700.73	700.73	700.73	700.73	700.73	700.73	700.73	700.73	700.73	700.73	700.73	700.73	700.73	700.73	700.73	700.73	700.73	700.73	700.73	700.73	700.73	700.73	700.73	700.73	700.73	700.73	700.73	700.73	700.73	700.73	700.73	700.73	700.73	700.73	700.73	700.73	700.73	700.73	700.73	700.73	700.73	700.73	700.73	700.73	700.73	700.73	700.73	700.73	700.73	700.73
750.73	750.73	750.73	750.73	750.73	750.73	750.73	750.73	750.73	750.73	750.73	750.73	750.73	750.73	750.73	750.73	750.73	750.73	750.73	750.73	750.73	750.73	750.73	750.73	750.73	750.73	750.73	750.73	750.73	750.73	750.73	750.73	750.73	750.73	750.73	750.73	750.73	750.73	750.73	750.73	750.73	750.73	750.73	750.73	750.73	750.73	750.73	750.73	750.73	750.73	750.73	750.73	750.73	750.73	750.73	750.73	750.73	750.73	750.73	750.73	750.73	750.73	750.73	750.73	750.73	750.73	750.73	750.73	750.73	750.73	750.73	750.73	750.73	750.73	750.73	750.73	750.73	750.73	750.73	750.73	750.73	750.73
800.73	800.73	800.73	800.73	800.73	800.73	800.73	800.73	800.73	800.73	800.73	800.73	800.73	800.73	800.73	800.73	800.73	800.73	800.73	800.73	800.73	800.73	800.73	800.73	800.73	800.73	800.73	800.73	800.73	800.73	800.73	800.73	800.73	800.73	800.73	800.73	800.73	800.73	800.73	800.73	800.73	800.73	800.73	800.73	800.73	800.73	800.73	800.73	800.73	800.73	800.73	800.73	800.73	800.73	800.73	800.73	800.73	800.73	800.73	800.73	800.73	800.73	800.73	800.73	800.73	800.73	800.73	800.73	800.73	800.73	800.73	800.73	800.73	800.73	800.73	800.73	800.73	800.73	800.73	800.73	800.73	800.73
850.73	850.73	850.73	850.73	850.73	850.73	850.73	850.73	850.73	850.73	850.73	850.73	850.73	850.73	850.73	850.73	850.73	850.73	850.73	850.73	850.73	850.73	850.73	850.73	850.73	850.73	850.73	850.73	850.73	850.73	850.73	850.73	850.73	850.73	850.73	850.73	850.73	850.73	850.73	850.73	850.73	850.73	850.73	850.73	850.73	850.73	850.73	850.73	850.73	850.73	850.73	850.73	850.73	850.73	850.73	850.73	850.73	850.73	850.73	850.73	850.73	850.73	850.73	850.73	850.73	850.73	850.73	850.73	850.73	850.73	850.73	850.73	850.73	850.73	850.73	850.73	850.73	850.73	850.73	850.73	850.73	850.73
900.73	900.73	900.73	900.73	900.73	900.73	900.73	900.73	900.73	900.73	900.73	900.73	900.73	900.73	900.73	900.73	900.73	900.73	900.73	900.73	900.73	900.73	900.73	900.73	900.73	900.73	900.73	900.73	900.73	900.73	900.73	900.73	900.73	900.73	900.73	900.73	900.73	900.73	900.73	900.73	900.73	900.73	900.73	900.73	900.73	900.73	900.73	900.73	900.73	900.73	900.73	900.73	900.73	900.73	900.73	900.73	900.73	900.73	900.73	900.73	900.73	900.73	900.73	900.73	900.73	900.73	900.73	900.73	900.73	900.73	900.73	900.73	900.73	900.73	900.73	900.73	900.73	900.73	900.73	900.73	900.73	900.73
950.73	950.73	950.73	950.73	950.73	950.73	950.73	950.73	950.73	950.73	950.73	950.73	950.73	950.73	950.73	950.73	950.73	950.73	950.73	950.73	950.73	950.73	950.73	950.73	950.73	950.73	950.73	950.73	950.73	950.73	950.73	950.73	950.73	950.73	950.73	950.73	950.73	950.73	950.73	950.73	950.73	950.73	950.73	950.73	950.73	950.73	950.73	950.73	950.73	950.73	950.73	950.73	950.73	950.73	950.73	950.73	950.73	950.73	950.73	950.73	950.73	950.73	950.73	950.73	950.73	950.73	950.73	950.73	950.73	950.73	950.73	950.73	950.73	950.73	950.73	950.73	950.73	950.73	950.73	950.73	950.73	950.73
1000.7	1000.7	1000.7	1000.7	1000.7	1000.7	1000.7	1000.7	1000.7	1000.7	1000.7	1000.7	1000.7	1000.7	1000.7	1000.7	1000.7	1000.7	1000.7	1000.7	1000.7	1000.7	1000.7	1000.7	1000.7	1000.7	1000.7	1000.7	1000.7	1000.7	1000.7	1000.7	1000.7	1000.7	1000.7	1000.7	1000.7	1000.7	1000.7	1000.7	1000.7	1000.7	1000.7	1000.7	1000.7	1000.7	1000.7	1000.7	1000.7	1000.7	1000.7	1000.7	1000.7	1000.7	1000.7	1000.7	1000.7	1000.7	1000.7	1000.7	1000.7	1000.7	1000.7	1000.7	1000.7	1000.7	1000.7	1000.7	1000.7	1000.7	1000.7	1000.7	1000.7	1000.7	1000.7	1000.7	1000.7	1000.7	1000.7	1000.7	1000.7	1000.7
1050.7	1050.7	1050.7	1050.7	1050.7	1050.7	1050.7	1050.7	1050.7	1050.7	1050.7	1050.7	1050.7	1050.7	1050.7	1050.7	1050.7	1050.7	1050.7	1050.7	1050.7	1050.7	1050.7	1050.7	1050.7	1050.7	1050.7	1050.7	1050.7	1050.7	1050.7	1050.7	1050.7	1050.7	1050.7	1050.7	1050.7	1050.7	1050.7	1050.7	1050.7	1050.7	1050.7	1050.7	1050.7	1050.7	1050.7	1050.7	1050.7	1050.7	1050.7	1050.7	1050.7	1050.7	1050.7	1050.7	1050.7	1050.7	1050.7	1050.7	1050.7	1050.7	1050.7	1050.7	1050.7	1050.7	1050.7	1050.7	1050.7	1050.7	1050.7	1050.7	1050.7	1050.7	1050.7	1050.7	1050.7	1050.7	1050.7	1050.7	1050.7	1050.7
1100.7	1100.7	1100.7	1100.7	1100.7	1100.7	1100.7	1100.7	1100.7	1100.7	1100.7	1100.7	1100.7	1100.7	1100.7	1100.7	1100.7	1100.7	1100.7	1100.7	1100.7	1100.7	1100.7	1100.7	1100.7	1100.7	1100.7	1100.7	1100.7	1100.7	1100.7	1100.7	1100.7	1100.7	1100.7	1100.7	1100.7	1100.7	1100.7	1100.7	1100.7	1100.7	1100.7	1100.7	1100.7	1100.7	1100.7	1100.7	1100.7	1100.7	1100.7	1100.7	1100.7	1100.7	1100.7	1100.7	1100.7	1100.7	1100.7	1100.7	1100.7	1100.7	1100.7	1100.7	1100.7	1100.7	1100.7	1100.7	1100.7	1100.7	1100.7	1100.7	1100.7	1100.7	1100.7	1100.7	1100.7	1100.7	1100.7	1100.7	1100.7	1100.7
1150.7	1150.7	1150.7	1150.7	1150.7	1150.7	1150.7	1150.7	1150.7	1150.7	1150.7	1150.7	1150.7	1150.7	1150.7	1150.7	1150.7	1150.7	1150.7	1150.7	1150.7	1150.7	1150.7	1150.7	1150.7	1150.7	1150.7	1150.7	1150.7	1150.7	1150.7	1150.7	1150.7	1150.7	1150.7	1150.7	1150.7	1150.7	1150.7	1150.7	1150.7	1150.7	1150.7	1150.7	1150.7	1150.7	1150.7	1150.7	1150.7	1150.7	1150.7	1150.7	1150.7	1150.7	1150.7	1150.7	1150.7	1150.7	1150.7	1150.7	1150.7	1150.7	1150.7	1150.7	1150.7	1150.7	1150.7	1150.7	1150.7	1150.7	1150.7	1150.7	1150.7	1150.7	1150.7	1150.7	1150.7	1150.7	1150.7	1150.7	1150.7	1150.7
1200.7	1200.7	1200.7	1200.7	1200.7	1200.7	1200.7	1200.7	1200.7	1200.7	1200.7	1200.7	1200.7	1200.7	1200.7	1200.7	1200.7	1200.7	1200.7	1200.7	1200.7	1200.7	1200.7	1200.7	1200.7	1200.7	1200.7	1200.7	1200.7	1200.7	1200.7	1200.7	1200.7	1200.7	1200.7	1200.7	1200.7	1200.7	1200.7	1200.7	1200.7	1200.7	1200.7	1200.7	1200.7	1200.7	1200.7	1200.7	1200.7	1200.7	1200.7	1200.7	1200.7	1200.7	1200.7	1200.7	1200.7	1200.7	1200.7	1200.7	1200.7	1200.7	1200.7	1200.7	1200.7	1200.7	1200.7	1200.7	1200.7	1200.7	1200.7	1200.7	1200.7	1200.7	1200.7	1200.7	1200.7	1200.7	1200.7	1200.7	1200.7	1200.7
1250.7	1250.7	1250.7	1250.7	1250.7	1250.7	1250.7	1250.7	1250.7	1250.7	1250.7	1250.7	1250.7	1250.7	1250.7	1250.7	1250.7	1250.7	1250.7	1250.7	1250.7	1250.7	1250.7	1250.7	1250.7	1250.7	1250.7	1250.7	1250.7	1250.7	1250.7	1250.7	1250.7	1250.7	1250.7	1250.7	1250.7	1250.7	1250.7	1250.7	1250.7	1250.7	1250.7	1250.7	1250.7	1250.7	1250.7	1250.7	1250.7	1250.7	1250.7	1250.7	1250.7	1250.7	1250.7	1250.7	1250.7	1250.7	1250.7	1250.7	1250.7	1250.7	1250.7	1250.7	1250.7	1250.7	1250.7	1250.7	1250.7	1250.7	1250.7	1250.7	1250.7	1250.7	1250.7	1250.7	1250.7	1250.7	1250.7	1250.7	1250.7	1250.7
1300.7	1300.7	1300.7	1300.7	1300.7	1300.7	1300.7	1300.7	1300.7	1300.7	1300.7	1300.7	1300.7	1300.7	1300.7	1300.7	1300.7	1300.7	1300.7	1300.7	1300.7	1300.7	1300.7	1300.7	1300.7	1300.7	1300.7	1300.7	1300.7	1300.7	1300.7	1300.7	1300.7	1300.7	1300.7	1300.7	1300.7	1300.7	1300.7	1300.7	1300.7	1300.7	1300.7	1300.7	1300.7	1300.7	1300.7	1300.7	1300.7	1300.7	1300.7	1300.7	1300.7	1300.7	1300.7	1300.7	1300.7	1300.7	1300.7	1300.7	1300.7	1300.7	1300.7	1300.7	1300.7	1300.7	1300.7	1300.7	1300.7	1300.7	1300.7	1300.7	1300.7	1300.7	1300.7	1300.7	1300.7	1300.7	1300.7	1300.7	1300.7	1300.7
1350.7	1350.7	1350.7	1350.7	1350.7	1350.7	1350.7	1350.7	1350.7	1350.7	1350.7	1350.7	1350.7	1350.7	1350.7	1350.7	1350.7	1350.7	1350.7	1350.7	1350.7	1350.7	1350.7	1350.7	1350.7	1350.7	1350.7	1350.7	1350.7	1350.7	1350.7	1350.7	1350.7	1350.7	1350.7	1350.7	1350.7	1350.7	1350.7	1350.7	1350.7	1350.7	1350.7	1350.7	1350.7	1350.7	1350.7	1350.7	1350.7	1350.7	1350.7	1350.7	1350.7	1350.7	1350.7	1350.7	1350.7	1350.7	1350.7	1350.7	1350.7	1350.7	1350.7	1350.7	1350.7	1350.7	1350.7	1350.7	1350.7	1350.7	1350.7	1350.7	1350.7	1350.7	1350.7	1350.7	1350.7	1350.7	1350.7	1350.7	1350.7	1350.7
1400.7	1400.7	1400.7	1400.7	1400.7	1400.7	1400.7	1400.7	1400.7	1400.7	1400.7	1400.7	1400.7	1400.7	1400.7	1400.7	1400.7	1400.7	1400.7	1400.7	1400.7	1400.7	1400.7	1400.7	1400.7	1400.7	1400.7	1400.7	1400.7	1400.7	1400.7	1400.7	1400.7	1400.7	1400.7	1400.7	1400.7	1400.7	1400.7	1400.7	1400.7	1400.7	1400.7	1400.7	1400.7	1400.7	1400.7	1400.7	1400.7	1400.7	1400.7	1400.7	1400.7	1400.7	1400.7	1400.7	1400.7	1400.7	1400.7	1400.7	1400.7	1400.7	1400.7	1400.7	1400.7	1400.7	1400.7	1400.7	1400.7	1400.7	1400.7	1400.7	1400.7	1400.7	1400.7	1400.7	1400.7	1400.7	1400.7	1400.7	1400.7	1400.7
1450.7	1450.7	1450.7	1450.7	1450.7	1450.7	1450.7	1450.7	1450.7	1450.7	1450.7	1450.7	1450.7	1450.7	1450.7	1450.7	1450.7	1450.7	1450.7	1450.7	1450.7	1450.7	1450.7	1450.7	1450.7	1450.7	1450.7	1450.7	1450.7	1450.7	1450.7	1450.7	1450.7	1450.7	1450.7	1450.7	1450.7	1450.7	1450.7	1450.7	1450.7	1450.7	1450.7	1450.7	1450.7	1450.7	1450.7	1450.7	1450.7	1450.7	1450.7	1450.7	1450.7	1450.7	1450.7	1450.7	1450.7	1450.7	1450.7	1450.7	1450.7	1450.7	1450.7	1450.7	1450.7	1450.7	1450.7	1450.7	1450.7	1450.7	1450.7	1450.7	1450.7	1450.7	1450.7	1450.7	1450.7	1450.7	1450.7	1450.7	1450.7	1450.7
1500.7	1500.7	1500.7	1500.7	1500.7	1500.7	1500.7	1500.7	1500.7	1500.7	1500.7	1500.7	1500.7	1500.7	1500.7	1500.7	1500.7	1500.7	1500.7	1500.7	1500.7	1500.7	1500.7	1500.7	1500.7	1500.7	1500.7	1500.7	1500.7	1500.7	1500.7	1500.7	1500.7	1500.7	1500.7	1500.7	1500.7	1500.7	1500.7	1500.7	1500.7	1500.7	1500.7	1500.7	1500.7	1500.7	1500.7	1500.7	1500.7	1500.7	1500.7	1500.7	1500.7	1500.7	1500.7	1500.7	1500.7	1500.7	1500.7	1500.7	1500.7	1500.7	1500.7	1500.7	1500.7	1500.7	1500.7	1500.7	1500.7	1500.7	1500.7	1500.7	1500.7	1500.7	1500.7	1500.7	1500.7	1500.7	1500.7	1500.7	1500.7	1500.7
1550.7	1550.7	1550.7	1550.7	1550.7	1550.7	1550.7	1550.7	1550.7	1550.7	1550.7	1550.7	1550.7	1550.7	1550.7	1550.7	1550.7	1550.7	1550.7	1550.7	1550.7	1550.7	1550.7	1550.7	1550.7	1550.7	1550.7	1550.7	1550.7	1550.7	1550.7	1550.7	1550.7	1550.7	1550.7	1550.7	1550.7	1550.7	1550.7	1550.7	1550.7	1550.7	1550.7	1550.7	1550.7	1550.7	1550.7	1550.7	1550.7	1550.7	1550.7	1550.7	1550.7	1550.7	1550.7	1550.7	1550.7	1550.7	1550.7	1550.7	1550.7	1550.7	1550.7	1550.7	1550.7	1550.7	1550.7	1550.7	1550.7	1550.7	1550.7	1550.7	1550.7	1550.7	1550.7	1550.7	1550.7	1550.7	1550.7	1550.7	1550.7	1550.7
1600.7	1600.7	1600.7	1600.7	1600.7	1600.7	1600.7	1600.7	1600.7	1600.7	1600.7	1600.7	1600.7	1600.7	1600.7	1600.7	1600.7	1600.7	1600.7	1600.7	1600.7	1600.7	1600.7	1600.7	1600.7	1600.7	1600.7	1600.7	1600.7	1600.7	1600.7	1600.7	1600.7	1600.7	1600.7	1600.7	1600.7	1600.7	1600.7	1600.7	1600.7	1600.7	1600.7	1600.7	1600.7	1600.7	1600.7	1600.7	1600.7	1600.7	1600.7	1600.7	1600.7	1600.7	1600.7	1600.7	1600.7	1600.7	1600.7	1600.7	1600.7	1600.7	1600.7	1600.7	1600.7	1600.7	1600.7	1600.7	1600.7	1600.7	1600.7	1600.7	1600.7	1600.7	1600.7	1600.7	1600.7	1600.7	1600.7	1600.7	1600.7	1600.7
1650.7	1650.7	1650.7	1650.7	1650.7	1650.7	1650.7	1650.7	1650.7	1650.7	1650.7	1650.7	1650.7	1650.7	1650.7	1650.7	1650.7	1650.7	1650.7	1650.7	1650.7	1650.7	1650.7	1650.7	1650.7	1650.7	1650.7	1650.7	1650.7	1650.7	1650.7	1650.7	1650.7	1650.7	1650.7	1650.7	1650.7	1650.7	1650.7	1650.7	1650.7	1650.7	1650.7	1650.7	1650.7	1650.7	1650.7	1650.7	1650.7	1650.7	1650.7	1650.7	1650.7	1650.7	1650.7	1650.7	1650.7	1650.7	1650.7	1650.7	1650.7	1650.7	1650.7	1650.7	1650.7	1650.7	1650.7	1650.7	1650.7	1650.7	1650.7	1650.7	1650.7	1650.7	1650.7	1650.7	1650.7	1650.7	1650.7	1650.7	1650.7	1650.7
1700.7	1700.7	1700.7	1700.7	1700.7	1700.7	1700.7	1700.7	1700.7	1700.7	1700.7	1700.7	1700.7	1700.7	1700.7	1700.7	1700.7	1700.7	1700.7	1700.7	1700.7	1700.7	1700.7	1700.7	1700.7	1700.7	1700.7	1700.7	1700.7	1700.7	1700.7	1700.7	1700.7	1700.7	1700.7	1700.7	1700.7	1700.7	1700.7	1700.7	1700.7	1700.7	1700.7	1700.7	1700.7	1700.7	1700.7	1700.7	1700.7	1700.7	1700.7	1700.7	1700.7	1700.7	1700.7	1700.7	1700.7	1700.7	1700.7	1700.7	1700.7	1700.7	1700.7	1700.7	1700.7	1700.7	1700.7	1700.7	1700.7	1700.7	1700.7	1700.7	1700.7	1700.7	1700.7	1700.7	1700.7	1700.7	1700.7	1700.7	1700.7	1700.7
1750.7	1750.7	1750.7	1750.7	1750.7	1750.7	1750.7	1750.7	1750.7	1750.7	1750.7	1750.7	1750.7	1750.7	1750.7	1750.7	1750.7	1750.7	1750.7	1750.7	1750.7	1750.7	1750.7	1750.7	1750.7	1750.7	1750.7	1750.7	1750.7	1750.7	1750.7	1750.7	1750.7	1750.7	1750.7	1750.7	1750.7	1750.7	1750.7	1750.7	1750.7	1750.7	1750.7	1750.7	1750.7	1750.7	1750.7	1750.7	1750.7	1750.7	1750.7	1750.7	1750.7	1750.7	1750.7	1750.7	1750.7	1750.7	1750.7	1750.7	1750.7	1750.7	1750.7	1750.7	1750.7	1750.7	1750.7	1750.7	1750.7	1750.7	1750.7	1750.7	1750.7	1750.7	1750.7	1750.7	1750.7	1750.7	1750.7	1750.7	1750.7	1750.7
1800.7	1800.7	1800.7	1800.7	1800.7	1800.7	1800.7	1800.7	1800.7	1800.7	1800.7	1800.7	1800.7	1800.7	1800.7	1800.7	1800.7	1800.7	1800.7	1800.7	1800.7	1800.7	1800.7	1800.7	1800.7	1800.7	1800.7	1800.7	1800.7	1800.7	1800.7	1800.7	1800.7	1800.7	1800.7	1800.7	1800.7	1800.7	1800.7	1800.7	1800.7	1800.7	1800.7	1800.7	1800.7	1800.7	1800.7	1800.7	1800.7	1800.7	1800.7	1800.7	1800.7	1800.7	1800.7	1800.7	1800.7	1800.7	1800.7	1800.7	1800.7	1800.7	1800.7	1800.7	1800.7	1800.7	1800.7	1800.7	1800.7	1800.7	1800.7	1800.7	1800.7	1800.7	1800.7	1800.7	1800.7	1800.7	1800.7	1800.7	1800.7	1800.7
1850.7	1850.7	1850.7	1850.7	1850.7	1850.7	1850.7	1850.7	1850.7	1850.7	1850.7	1850.7	1850.7	1850.7	1850.7	1850.7	1850.7	1850.7	1850.7	1850.7	1850.7	1850.7	1850.7	1850.7	1850.7	1850.7	1850.7	1850.7	1850.7	1850.7	1850.7	1850.7	1850.7	1850.7	1850.7	1850.7	1850.7	1850.7	1850.7	1850.7	1850.7	1850.7	1850.7	1850.7	1850.7	1850.7	1850.7	1850.7	1850.7	1850.7	1850.7	1850.7	1850.7	1850.7	1850.7	1850.7	1850.7	1850.7	1850.7	1850.7	1850.7	1850.7	1850.7	1850.7	1850.7	1850.7	1850.7	1850.7	1850.7	1850.7	1850.7	1850.7	1850.7	1850.7	1850.7	1850.7	1850.7	1850.7	1850.7	1850.7	1850.7	1850.7
1900.7	1900.7	1900.7	1900.7	1900.7	1900.7	1900.7	1900.7	1900.7	1900.7	1900.7	1900.7	1900.7	1900.7	1900.7	1900.7	1900.7	1900.7	1900.7	1900.7	1900.7	1900.7	1900.7	1900.7	1900.7	1900.7	1900.7	1900.7	1900.7	1900.7	1900.7	1900.7	1900.7	1900.7	1900.7	1900.7	1900.7	1900.7	1900.7	1900.7	1900.7	1900.7	1900.7	1900.7	1900.7	1900.7	1900.7	1900.7	1900.7	1900.7	1900.7	1900.7	1900.7	1900.7	1900.7	1900.7	1900.7	1900.7	1900.7	1900.7	1900.7	1900.7	1900.7	1900.7	1900.7	1900.7	1900.7	1900.7	1900.7	1900.7	1900.7	1900.7	1900.7	1900.7	1900.7	1900.7	1900.7	1900.7	1900.7	1900.7	1900.7	1900.7
1950.7	1950.7	1950.7	1950.7	1950.7	1950.7	1950.7	1950.7	1950.7	1950.7	1950.7	1950.7	1950.7	1950.7	1950.7	1950.7	1950.7	1950.7	1950.7	1950.7	1950.7	1950.7	1950.7	1950.7	1950.7	1950.7	1950.7	1950.7	1950.7	1950.7	1950.7	1950.7	1950.7	1950.7	1950.7	1950.7	1950.7	1950.7	1950.7	1950.7	1950.7	1950.7	1950.7	1950.7	1950.7	1950.7	1950.7	1950.7	1950.7	1950.7	1950.7	1950.7	1950.7	1950.7	1950.7	1950.7	1950.7	1950.7	1950.7	1950.7	1950.7	1950.7	1950.7	1950.7	1950.7	1950.7	1950.7	1950.7	1950.7	1950.7	1950.7	1950.7	1950.7	1950.7	1950.7	1950.7	1950.7	1950.7	1950.7	1950.7	1950.7	1950.7
2000.7	2000.7	2000.7	2000.7	2000.7	2000.7	2000.7	2000.7	2000.7	2000.7	2000.7	2000.7	2000.7	2000.7	2000.7	2000.7	2000.7	2000.7	2000.7	2000.7	2000.7	2000.7	2000.7	2000.7	2000.7	2000.7	2000.7	2000.7	2000.7	2000.7	2000.7	2000.7	2000.7	2000.7	2000.7	2000.7	2000.7	2000.7	2000.7	2000.7	2000.7	2000.7	2000.7	2000.7	2000.7	2000.7	2000.7	2000.7	2000.7	2000.7	2000.7	2000.7	2000.7	2000.7	2000.7	2000.7	2000.7	2000.7	2000.7	2000.7	2000.7	2000.7	2000.7	2000.7	2000.7	2000.7	2000.7	2000.7	2000.7	2000.7	2000.7	2000.7	2000.7	2000.7	2000.7	2000.7	2000.7	2000.7	2000.7	2000.7	2000.7	2000.7
2050.7	2050.7	2050.7	2050.7	2050.7	2050.7	2050.7	2050.7	2050.7	2050.7	2050.7	2050.7	2050.7	2050.7	2050.7	2050.7	2050.7	2050.7	2050.7	2050.7	2050.7	2050.7	2050.7	2050.7	2050.7	2050.7	2050.7	2050.7	2050.7	2050.7	2050.7	2050.7	2050.7	2050.7	2050.7	2050.7	2050.7	2050.7	2050.7	2050.7	2050.7	2050.7	2050.7	2050.7	2050.7	2050.7	2050.7	2050.7	2050.7	2050.7	2050.7	2050.7	2050.7	2050.7	2050.7	2050.7	2050.7	2050.7	2050.7	2050.7	2050.7	2050.7	2050.7	2050.7	2050.7	2050.7	2050.7	2050.7	2050.7	2050.7	2050.7	2050.7	2050.7	2050.7	2050.7	2050.7	2050.7	2050.7	2050.7	2050.7	2050.7	2050.7
2100.7	2100.7	2100.7	2100.7	2100.7	2100.7	2100.7	2100.7	2100.7	2100.7	2100.7	2100.7	2100.7	2100.7	2100.7	2100.7	2100.7	2100.7	2100.7	2100.7	2100.7	2100.7	2100.7	2100.7	2100.7	2100.7	2100.7	2100.7	2100.7	2100.7	2100.7	2100.7	2100.7	2100.7	2100.7	2100.7	2100.7	2100.7	2100.7	2100.7	2100.7	2100.7	2100.7	2100.7	2100.7	2100.7	2100.7	2100.7	2100.7	2100.7	2100.7	2100.7	2100.7	2100.7	2100.7	2100.7	2100.7	2100.7	2100.7	2100.7	2100.7	2100.7	2100.7	2100.7	2100.7	2100.7	2100.7	2100.7	2100.7	2100.7	2100.7	2100.7	2100.7	2100.7	2100.7	2100.7	2100.7	2100.7	2100.7	2100.7	2100.7	2100.7
2150.7	2150.7	2150.7	2150.7	2150.7	2150.7	2150.7	2150.7	2150.7	2150.7	2150.7	2150.7	2150.7	2150.7	2150.7	2150.7	2150.7	2150.7	2150.7	2150.7	2150.7	2150.7	2150.7	2150.7	2150.7	2150.7	2150.7	2150.7	2150.7	2150.7	2150.7	2150.7	2150.7	2150.7	2150.7	2150.7	2150.7	2150.7	2150.7	2150.7	2150.7	2150.7	2150.7	2150.7	2150.7	2150.7	2150.7	2150.7	2150.7	2150.7	2150.7	2150.7	2150.7	2150.7	2150.7	2150.7	2150.7	2150.7	2150.7	2150.7	2150.7	2150.7	2150.7	2150.7	2150.7	2150.7	2150.7	2150.7	2150.7	2150.7	2150.7	2150.7	2150.7	2150.7	2150.7	2150.7	2150.7	2150.7	2150.7	2150.7	2150.7	2150.7
2200.7	2200.7	2200.7	2200.7	2200.7	2200.7	2200.7	2200.7	2200.7	2200.7	2200.7	2200.7	2200.7	2200.7	2200.7	2200.7	2200.7	2200.7	2200.7	2200.7	2200.7	2200.7	2200.7	2200.7	2200.7	2200.7	2200.7	2200.7	2200.7	2200.7	2200.7	2200.7	2200.7	2200.7	2200.7	2200.7	2200.7	2200.7	2200.7	2200.7	2200.7	2200.7	2200.7	2200.7	2200.7	2200.7	2200.7	2200.7	2200.7	2200.7	2200.7	2200.7	2200.7	2200.7	2200.7	2200.7	2200.7	2200.7	2200.7	2200.7	2200.7	2200.7	2200.7	2200.7	2200.7	2200.7	2200.7	2200.7	2200.7	2200.7	2200.7	2200.7	2200.7	2200.7	2200.7	2200.7	2200.7	2200.7	2200.7	2200.7	2200.7	2200.7
2250.7	2250.7	2250.7	2250.7	2250.7	2250.7	2250.7	2250.7	2250.7	2250.7	2250.7	2250.7	2250.7	2250.7	2250.7	2250.7	2250.7	2250.7	2250.7	2250.7	2250.7	2250.7	2250.7	2250.7	2250.7	2250.7	2250.7	2250.7	2250.7	2250.7	2250.7	2250.7	2250.7	2250.7	2250.7	2250.7	2250.7	2250.7	2250.7	2250.7	2250.7	2250.7	2250.7	2250.7	2250.7	2250.7	2250.7	2250.7	2250.7	2250.7	2250.7	2250.7	2250.7	2250.7	2250.7	2250.7	2250.7	2250.7	2250.7	2250.7	2250.7	2250.7	2250.7	2250.7	2250.7	2250.7	2250.7	2250.7	2250.7	2250.7	2250.7	2250.7	2250.7	2250.7	2250.7	2250.7	2250.7	2250.7	2250.7	2250.7	2250.7	2250.7
2300.7	2300.7	2300.7	2300.7	2300.7	2300.7	2300.7	2300.7	2300.7	2300.7	2300.7	2300.7	2300.7	2300.7	2300.7	2300.7	2300.7	2300.7	2300.7	2300.7	2300.7	2300.7	2300.7	2300.7	2300.7	2300.7	2300.7	2300.7	2300.7	2300.7	2300.7	2300.7	2300.7	2300.7	2300.7	2300.7	2300.7	2300.7	2300.7	2300.7	2300.7	2300.7	2300.7	2300.7	2300.7	2300.7	2300.7	2300.7	2300.7	2300.7	2300.7	2300.7	2300.7	2300.7	2300.7	2300.7	2300.7	2300.7	2300.7	2300.7	2300.7	2300.7	2300.7	2300.7	2300.7	2300.7	2300.7	2300.7	2300.7	2300.7	2300.7	2300.7	2300.7	2300.7	2300.7	2300.7	2300.7	2300.7	2300.7	2300.7	2300.7	2300.7
2350.7	2350.7	2350.7	2350.7	2350.7	2350.7	2350.7	2350.7	2350.7	2350.7	2350.7	2350.7	2350.7	2350.7	2350.7	2350.7	2350.7	2350.7	2350.7	2350.7	2350.7	2350.7	2350.7	2350.7	2350.7	2350.7	2350.7	2350.7	2350.7	2350.7	2350.7	2350.7	2350.7	2350.7	2350.7	2350.7	2350.7	2350.7	2350.7	2350.7	2350.7	2350.7	2350.7	2350.7	2350.7	2350.7	2350.7	2350.7	2350.7	2350.7	2350.7	2350.7	2350.7	2350.7	2350.7	2350.7	2350.7	2350.7	2350.7	2350.7	2350.7	2350.7	2350.7	2350.7	2350.7	2350.7	2350.7	2350.7	2350.7	2350.7	2350.7	2350.7	2350.7	2350.7	2350.7	2350.7	2350.7	2350.7	2350.7	2350.7	2350.7	2350.7
2400.7	2400.7	2400.7	2400.7	2400.7	2400.7	2400.7	2400.7	2400.7	2400.7	2400.7	2400.7	2400.7	2400.7	2400.7	2400.7	2400.7	2400.7	2400.7	2400.7	2400.7	2400.7	2400.7	2400.7	2400.7	2400.7	2400.7	2400.7	2400.7	2400.7	2400.7	2400.7	2400.7	2400.7	2400.7	2400.7	2400.7	2400.7	2400.7	2400.7	2400.7	2400.7	2400.7	2400.7	2400.7	2400.7	2400.7	2400.7	2400.7	2400.7	2400.7	2400.7	2400.7	2400.7	2400.7	2400.7	2400.7	2400.7	2400.7	2400.7	2400.7	2400.7	2400.7	2400.7	2400.7	2400.7	2400.7	2400.7	2400.7	2400.7	2400.7	2400.7	2400.7	2400.7	2400.7	2400.7	2400.7	2400.7	2400.7	2400.7	2400.7	2400.7
2450.7	2450.7	2450.7	2450.7	2450.7	2450.7	2450.7	2450.7	2450.7	2450.7	2450.7	2450.7	2450.7	2450.7	2450.7	2450.7	2450.7	2450.7	2450.7	2450.7	2450.7	2450.7	2450.7	2450.7	2450.7	2450.7	2450.7	2450.7	2450.7	2450.7	2450.7	2450.7	2450.7	2450.7	2450.7	2450.7	2450.7	2450.7	2450.7	2450.7	2450.7	2450.7	2450.7	2450.7	2450.7	2450.7	2450.7	2450.7	2450.7	2450.7	2450.7	2450.7	2450.7	2450.7	2450.7	2450.7	2450.7	2450.7	2450.7	2450.7	2450.7	2450.7	2450.7	2450.7	2450.7	2450.7	2450.7	2450.7	2450.7	2450.7	2450.7	2450.7	2450.7	2450.7	2450.7	2450.7	2450.7	2450.7	2450.7	2450.7	2450.7	2450.7
2500.7	2500.7	2500.7	2500.7	2500.7	2500.7	2500.7	2500.7	2500.7	2500.7	2500.7	2500.7	2500.7	2500.7	2500.7	2500.7	2500.7	2500.7	2500.7	2500.7	2500.7	2500.7	2500.7	2500.7	2500.7	2500.7	2500.7	2500.7	2500.7	2500.7	2500.7	2500.7	2500.7	2500.7	2500.7	2500.7	2500.7	2500.7	2500.7	2500.7	2500.7	2500.7	2500.7	2500.7	2500.7	2500.7	2500.7	2500.7	2500.7	2500.7	2500.7	2500.7	2500.7	2500.7	2500.7	2500.7	2500.7	2500.7	2500.7	2500.7	2500.7	2500.7	2500.7	2500.7	2500.7	2500.7	2500.7	2500.7	2500.7	2500.7	2500.7	2500.7	2500.7	2500.7	2500.7	2500.7	2500.7	2500.7	2500.7	2500.7	2500.7	2500.7
2550.7	2550.7	2550.7	2550.7	2550.7	2550.7	2550.7	2550.7	2550.7	2550.7	2550.7	2550.7	2550.7	2550.7	2550.7	2550.7	2550.7	2550.7	2550.7	2550.7	2550.7	2550.7	2550.7	2550.7	2550.7	2550.7	2550.7	2550.7	2550.7	2550.7	2550.7	2550.7	2550.7	2550.7	2550.7	2550.7	2550.7	2550.7	2550.7	2550.7	2550.7	2550.7	2550.7	2550.7	2550.7	2550.7	2550.7	2550.7	2550.7	2550.7	2550.7	2550.7	2550.7	2550.7	2550.7	2550.7	2550.7	2550.7	2550.7	2550.7	2550.7	2550.7	2550.7	2550.7	2550.7	2550.7	2550.7	2550.7	2550.7	2550.7	2550.7	2550.7	2550.7	2550.7	2550.7	2550.7	2550.7	2550.7	2550.7	2550.7	2550.7	2550.7
2600.7	2600.7	2600.7	2600.7	2600.7	2600.7	2600.7	2600.7	2600.7	2600.7	2600.7	2600.7	2600.7	2600.7	2600.7	2600.7	2600.7	2600.7	2600.7	2600.7	2600.7	2600.7	2600.7	2600.7	2600.7	2600.7	2600.7	2600.7	2600.7	2600.7	2600.7	2600.7	2600.7	2600.7	2600.7	2600.7	2600.7	2600.7	2600.7	2600.7	2600.7	2600.7	2600.7	2600.7	2600.7	2600.7	2600.7	2600.7	2600.7	2600.7	2600.7	2600.7	2600.7	2600.7	2600.7	2600.7	2600.7	2600.7	2600.7	2600.7	2600.7	2600.7	2600.7	2600.7	2600.7	2600.7	2600.7	2600.7	2600.7	2600.7	2600.7	2600.7	2600.7	2600.7	2600.7	2600.7	2600.7	2600.7	2600.7	2600.7	2600.7	2600.7
2650.7	2650.7	2650.7	2650.7	2650.7	2650.7	2650.7	2650.7	2650.7	2650.7	2650.7	2650.7	2650.7	2650.7	2650.7	2650.7	2650.7	2650.7	2650.7	2650.7	2650.7	2650.7	2650.7	2650.7	2650.7	2650.7	2650.7	2650.7	2650.7	2650.7	2650.7	2650.7	2650.7	2650.7	2650.7	2650.7	2650.7	2650.7	2650.7	2650.7	2650.7	2650.7	2650.7	2650.7	2650.7	2650.7	2650.7	2650.7	2650.7	2650.7	2650.7	2650.7	2650.7	2650.7	2650.7	2650.7	2650.7	2650.7	2650.7	2650.7	2650.7	2650.7	2650.7	2650.7	2650.7	2650.7	2650.7	2650.7	2650.7	2650.7	2650.7	2650.7	2650.7	2650.7	2650.7	2650.7	2650.7	2650.7	2650.7	2650.7	2650.7	2650.7
2700.7	2700.7	2700.7	2700.7	2700.7	2700.7	2700.7	2700.7	2700.7	2700.7	2700.7	2700.7	2700.7	2700.7	2700.7	2700.7	2700.7	2700.7	2700.7	2700.7	2700.7	2700.7	2700.7	2700.7	2700.7	2700.7	2700.7	2700.7	2700.7	2700.7	2700.7	2700.7	2700.7	2700.7	2700.7	2700.7	2700.7	2700.7	2700.7	2700.7	2700.7	2700.7	2700.7	2700.7	2700.7	2700.7	2700.7	2700.7	2700.7	2700.7	2700.7	2700.7	2700.7	2700.7	2700.7	2700.7	2700.7	2700.7	2700.7	2700.7	2700.7	2700.7	2700.7	2700.7	2700.7	2700.7	2700.7	2700.7	2700.7	2700.7	2700.7	2700.7	2700.7	2700.7	2700.7	2700.7	2700.7	2700.7	2700.7	2700.7	2700.7	2700.7
2750.7	2750.7	2750.7	2750.7	2750.7	2750.7	2750.7	2750.7	2750.7	2750.7	2750.7	2750.7	2750.7	2750.7	2750.7	2750.7	2750.7	2750.7	2750.7	2750.7	2750.7	2750.7	2750.7	2750.7	2750.7	2750.7	2750.7	2750.7	2750.7	2750.7	2750.7	2750.7	2750.7	2750.7	2750.7	2750.7	2750.7	2750.7	2750.7	2750.7	2750.7	2750.7	2750.7	2750.7	2750.7	2750.7	2750.7	2750.7	2750.7	2750.7	2750.7	2750.7	2750.7	2750.7	2750.7	2750.7	2750.7	2750.7	2750.7	2750.7	2750.7	2750.7	2750.7	2750.7	2750.7	2750.7	2750.7	2750.7	2750.7	2750.7	2750.7	2750.7	2750.7	2750.7	2750.7	2750.7	2750.7	2750.7	2750.7	2750.7	2750.7	2750.7
2803.7	2803.7	2803.7	2803.7	2803.7	2803.7	2803.7	2803.7	2803.7	2803.7	2803.7	2803.7	2803.7	2803.7	2803.7	2803.7	2803.7	2803.7	2803.7	2803.7	2803.7	2803.7	2803.7	2803.7	2803.7	2803.7	2803.7	2803.7	2803.7	2803.7	2803.7	2803.7	2803.7	2803.7	2803.7	2803.7	2803.7	2803.7	2803.7	2803.7	2803.7	2803.7	2803.7	2803.7	2803.7	2803.7	2803.7	2803.7	2803.7	2803.7	2803.7	2803.7	2803.7	2803.7	2803.7	2803.7	2803.7	2803.7	2803.7	2803.7	2803.7	2803.7	2803.7	2803.7	2803.7	2803.7	2803.7	2803.7	2803.7	2803.7	2803.7	2803.7	2803.7	2803.7	2803.7	2803.7	2803.7	2803.7	2803.7	2803.7	2803.7	2803.7
