623.67	625.63	627.61	629.65	631.79	634.1	636.61	639.34	642.33	645.55	649	652.65	656.49	660.49	664.62	668.82	673	677.09	681.02	684.73	688.2	691.41	694.38	697.17	699.87	702.57	705.35	708.21	711.06	713.76	716.16	718.13	719.54	720.26	720.17	719.15	717.14	714.13	710.16	705.39	700.02	694.26	688.36	682.5	676.82	671.41	666.26	661.3	656.4	651.39	646.1	640.33	633.84	626.42	618.05	609.5	603.09	599.85	598.19	597.21	596.45	595.75	595.11	594.71	594.72	595.38	596.95	599.82	604.67	611.27	618.98	627.54	636.73	646.2	655.4	663.54	669.67	672.91	672.66	668.79	661.91	653.4
621.27	622.6	623.94	625.31	626.73	628.22	629.79	631.47	633.27	635.24	637.38	639.73	642.28	645.04	648	651.1	654.31	657.55	660.75	663.84	666.78	669.52	672.1	674.53	676.87	679.18	681.55	684.03	686.6	689.21	691.74	694.05	695.95	697.25	697.8	697.52	696.35	694.28	691.34	687.63	683.27	678.38	673.12	667.61	662.02	656.49	651.17	646.13	641.36	636.72	631.96	626.77	620.95	614.46	607.4	599.65	592.36	587.54	584.67	583.18	582.63	582.72	583.29	584.27	585.63	587.41	589.77	592.93	597.08	601.98	607.43	613.57	620.34	627.45	634.37	640.56	645.29	647.65	646.61	641.45	632.13	619.58
618.85	619.56	620.27	620.98	621.68	622.36	623	623.61	624.23	624.92	625.77	626.82	628.1	629.61	631.38	633.39	635.62	638	640.46	642.93	645.33	647.61	649.78	651.87	653.9	655.88	657.84	659.9	662.15	664.65	667.32	669.97	672.35	674.21	675.4	675.83	675.48	674.35	672.46	669.84	666.52	662.53	657.93	652.79	647.29	641.66	636.14	630.98	626.31	622.07	617.86	613.2	607.83	601.76	595.16	587.78	580.35	574.5	570.72	568.87	568.6	569.56	571.41	573.81	576.49	579.32	582.29	585.45	588.81	592.28	595.86	599.73	604.16	608.94	613.46	617.53	620.64	621.88	619.86	613.33	602.08	587.39
616.37	616.48	616.58	616.65	616.64	616.51	616.23	615.8	615.22	614.61	614.14	613.94	613.98	614.24	614.79	615.71	616.93	618.4	620.1	621.94	623.8	625.6	627.37	629.16	630.98	632.74	634.36	635.93	637.76	640.11	642.91	645.88	648.7	651.1	652.89	653.98	654.41	654.21	653.43	651.98	649.79	646.74	642.82	638.1	632.74	627.03	621.32	616.02	611.39	607.5	603.78	599.38	594.14	588.01	581.18	573.78	566.41	560.11	555.8	553.82	554.05	556.09	559.37	563.24	567.18	570.89	574.26	577.25	579.87	582.18	584.29	586.37	588.6	590.94	592.99	594.64	595.54	594.81	590.99	582.72	570.03	554.92
613.8	613.35	612.87	612.31	611.61	610.69	609.48	608	606.26	604.33	602.53	601.13	599.95	598.99	598.28	598.08	598.28	598.74	599.61	600.78	602.08	603.43	604.83	606.38	608.11	609.82	611.21	612.32	613.63	615.74	618.6	621.76	624.9	627.75	630.12	631.86	633	633.73	634.13	634.01	633.04	630.99	627.79	623.53	618.43	612.76	606.96	601.61	597.05	593.18	589.45	585.04	579.69	573.41	566.32	558.71	551.1	544.35	539.55	537.59	538.62	542.09	546.98	552.33	557.42	561.86	565.48	568.25	570.23	571.57	572.43	572.97	573.29	573.4	573.11	572.2	570.27	566.57	560.16	550.41	537.61	522.85
611.11	610.16	609.14	607.98	606.58	604.85	602.69	600.13	597.25	594.17	591.13	588.43	586.01	583.85	582.02	580.62	579.66	579.1	579	579.32	579.99	580.94	582.15	583.61	585.29	586.96	588.33	589.27	590.25	591.9	594.51	597.55	600.75	603.92	606.86	609.29	611.17	612.83	614.52	615.87	616.22	615.16	612.69	608.98	604.32	598.98	593.42	588.25	583.64	579.41	575.16	570.39	564.8	558.31	551.02	543.16	535.15	527.71	522.11	520.01	522.19	527.4	533.96	540.65	546.75	551.84	555.72	558.34	559.8	560.28	560.01	559.17	557.87	556.09	553.65	550.22	545.43	538.88	530.28	519.65	507.61	494.39
608.29	606.93	605.45	603.68	601.53	598.92	595.77	592.16	588.21	584.09	579.99	576.08	572.45	569.13	566.17	563.63	561.53	559.89	558.76	558.16	558.13	558.63	559.63	561.04	562.68	564.3	565.64	566.6	567.48	568.71	570.61	573.08	576.02	579.28	582.67	585.95	588.92	591.75	594.66	597.41	599.07	598.95	597.27	594.3	590.23	585.47	580.37	575.33	570.49	565.76	560.89	555.6	549.66	542.93	535.44	527.37	519.04	510.96	504.3	501.67	505.01	511.83	519.72	527.48	534.5	540.34	544.67	547.34	548.41	548.13	546.82	544.78	542.15	538.86	534.62	529.02	521.8	513.13	503.38	492.86	482.06	471.11
605.4	603.72	601.83	599.41	596.45	592.95	588.91	584.38	579.49	574.4	569.28	564.27	559.51	555.07	551.03	547.42	544.27	541.61	539.48	537.93	537.08	537.04	537.74	538.99	540.5	541.99	543.21	544.04	544.54	545.08	546.15	547.98	550.56	553.85	557.7	561.93	566.27	570.59	574.75	578.43	580.98	581.95	581.32	579.27	576.03	571.92	567.25	562.28	557.15	551.9	546.44	540.63	534.3	527.31	519.59	511.28	502.72	494.43	487.78	485.17	487.84	494.69	503.22	511.77	519.77	526.67	531.86	534.97	535.92	535	532.75	529.7	526.09	521.68	516.09	508.93	500.09	490.4	480.56	470.78	461.17	451.73
602.64	600.59	598.23	595.24	591.61	587.36	582.53	577.17	571.41	565.39	559.28	553.24	547.42	541.93	536.88	532.31	528.27	524.75	521.75	519.28	517.5	516.78	517.04	517.87	518.96	520.02	520.78	521.12	520.86	520.25	520.43	521.86	524.3	527.72	532.22	537.6	543.41	549.2	554.57	559.12	562.51	564.46	564.88	563.85	561.52	558.08	553.76	548.76	543.3	537.54	531.55	525.29	518.61	511.33	503.33	494.62	485.71	477.36	470.94	467.98	469.32	474.68	482.79	492.26	501.59	509.99	516.6	520.77	522.05	520.78	517.8	514.05	509.86	504.67	498.02	489.79	480.34	470.46	460.89	451.88	443.35	435.06
600.42	597.82	594.96	591.51	587.37	582.52	577.01	570.9	564.3	557.38	550.3	543.26	536.44	529.98	524.02	518.65	513.91	509.75	506.09	502.89	500.18	498.59	498.16	498.13	498.23	498.26	497.86	497.07	495.68	493.76	492.99	494.43	497.2	501.09	506.56	513.24	520.51	527.67	534.16	539.59	543.75	546.55	547.95	547.94	546.53	543.74	539.68	534.56	528.7	522.44	516.02	509.41	502.37	494.72	486.35	477.35	468.27	459.91	453.31	449.49	449.18	452.63	459.47	468.71	479.02	489.22	497.93	503.92	506.28	505.4	502.33	498.36	493.82	487.92	480.34	471.36	461.63	451.93	442.91	434.74	427.16	419.73
599.1	595.96	592.59	588.7	584.12	578.77	572.66	565.86	558.48	550.68	542.66	534.64	526.86	519.52	512.79	506.79	501.59	497.04	492.9	489.23	486.02	483.52	481.69	480.14	478.54	476.62	474.22	471.33	468.16	465.41	464.33	465.68	469.19	474.44	481.23	489.18	497.72	506.04	513.54	519.79	524.67	528.17	530.44	531.39	530.85	528.68	524.84	519.51	513.22	506.52	499.72	492.79	485.39	477.33	468.65	459.55	450.49	442.09	435.08	430.19	428.14	429.57	434.73	443.09	453.45	464.47	474.72	482.79	487.56	488.7	487.04	483.47	478.31	471.46	463	453.42	443.47	433.96	425.48	418.07	411.2	404.14
598.89	595.32	591.5	587.19	582.19	576.39	569.76	562.34	554.23	545.59	536.66	527.7	519.02	510.88	503.57	497.2	491.72	486.91	482.5	478.42	474.64	471.14	467.8	464.41	460.7	456.47	451.68	446.47	441.36	437.41	435.96	437.68	442.26	448.91	456.93	465.81	475.07	484.16	492.55	499.61	505.15	509.19	512.22	514.02	514.21	512.55	508.94	503.41	496.85	489.88	482.71	475.25	467.35	458.94	450.11	441.09	432.24	423.97	416.72	411.03	407.58	407.12	410.36	417.24	426.51	437.19	448.24	458.25	465.75	469.8	470.34	467.73	462.39	454.81	445.63	435.6	425.54	416.12	407.94	400.76	393.76	386.52
600.24	596.23	591.98	587.25	581.84	575.62	568.52	560.55	551.8	542.42	532.65	522.79	513.26	504.44	496.75	490.27	484.66	479.64	474.96	470.45	465.98	461.41	456.58	451.33	445.48	438.95	431.87	424.61	417.83	412.47	410.48	412.6	418.21	425.81	434.49	443.75	453.22	462.53	471.21	478.79	484.98	489.71	493.27	495.65	496.21	494.82	491.35	485.99	479.39	472.11	464.37	456.23	447.79	439.14	430.38	421.68	413.31	405.59	398.73	393.06	389.26	387.66	388.87	393.15	399.93	408.81	419.47	430.84	440.96	447.98	450.98	449.83	444.91	437.11	427.6	417.52	407.71	398.52	390.15	382.29	374.18	365.81
603.85	599.04	594.24	589.07	583.26	576.64	569.11	560.68	551.39	541.39	530.91	520.27	509.96	500.62	492.75	486.2	480.52	475.32	470.32	465.29	460.04	454.38	448.16	441.24	433.52	425.03	416.06	407.3	399.79	393.98	391.45	393.16	398.7	406.3	414.76	423.66	432.82	441.91	450.54	458.29	464.86	470.06	473.89	476.22	476.75	475.3	471.89	466.72	460.12	452.46	444.03	435.09	426.09	417.37	408.99	400.94	393.46	386.86	381.2	376.56	373.12	371.06	370.61	372.03	375.46	381.14	389.46	400.57	412.46	422.07	427.65	428.41	424.6	417.36	408.24	398.9	389.92	381.27	372.64	363.61	353.79	343.39
609.67	604.07	598.47	592.79	586.55	579.53	571.62	562.79	553.1	542.66	531.68	520.47	509.5	499.55	491.71	485.17	479.39	473.97	468.57	462.94	456.86	450.14	442.67	434.37	425.24	415.41	405.26	395.83	388.11	382.53	379.89	380.75	384.84	391.08	398.42	406.26	414.59	423.05	431.3	438.92	445.53	450.82	454.54	456.52	456.63	454.79	451.08	445.67	438.69	430.33	421	411.16	401.62	393.03	385.35	378.54	372.71	367.92	364.05	360.92	358.33	356.13	354.23	352.81	352.41	354.02	358.79	367.32	378.61	390.16	398.46	401.67	399.87	394.57	387.24	379.51	371.74	363.71	355.01	345.15	333.73	320.91
617.27	611.04	604.78	598.45	591.72	584.3	576.05	566.93	556.96	546.26	535.03	523.59	512.36	502.05	493.94	487.25	481.28	475.54	469.67	463.38	456.45	448.75	440.21	430.85	420.8	410.35	399.97	390.34	382.46	376.82	373.79	373.56	375.92	380.29	385.95	392.36	399.33	406.71	414.22	421.31	427.63	432.64	435.91	437.21	436.51	433.87	429.31	422.92	414.81	405.1	394.44	383.84	374.28	366.45	360.25	355.42	351.74	349.07	347.16	345.61	343.95	341.68	338.47	334.34	329.93	326.88	327.28	332.15	340.67	351.02	360.52	366.86	369	367.59	363.72	358.46	352.3	345.19	336.81	326.76	314.73	300.57
626.27	619.53	612.76	605.87	598.67	590.88	582.35	573.02	562.9	552.12	540.89	529.54	518.48	508.3	499.55	492.42	486.09	479.94	473.53	466.55	458.8	450.2	440.78	430.67	420.12	409.48	399.21	389.68	381.7	375.75	372.03	370.58	371.23	373.68	377.51	382.32	387.8	393.73	399.96	406.02	411.7	416.14	418.6	418.84	416.94	413.05	406.96	398.48	387.99	376.21	364.42	354.06	345.84	339.84	335.71	333.03	331.45	330.68	330.39	330.05	328.94	326.31	321.67	315.02	306.99	299.76	296.31	297.63	302.81	310.94	320.46	328.88	334.9	337.73	337.59	335.13	330.92	325.12	317.49	307.79	296.21	283.4
636.26	629.15	621.99	614.71	607.13	599.08	590.39	580.95	570.79	560.08	549.04	537.97	527.24	517.23	508.25	500.44	493.59	486.97	479.99	472.31	463.77	454.39	444.3	433.7	422.89	412.23	402.09	392.8	384.77	378.4	373.86	371.15	370.2	370.85	372.87	375.97	379.87	384.31	389.04	393.75	398.21	401.72	403.02	401.93	398.47	392.73	384.43	373.22	359.98	346.28	334.2	325.14	319.12	315.58	313.62	312.8	312.81	313.24	313.71	313.65	312.14	308.21	301.52	292.32	282.07	273.29	268.18	267.3	270.09	275.8	283.64	292.08	300.46	306.4	309.28	309.41	307.24	303.02	296.36	287.48	277.03	265.97
646.9	639.57	632.19	624.68	616.89	608.69	599.94	590.45	580.37	569.86	559.13	548.4	537.98	528.13	519.06	510.86	503.42	496.3	488.79	480.42	471.15	461.13	450.55	439.66	428.75	418.13	408.11	398.96	390.88	384.08	378.69	374.8	372.38	371.39	371.68	373.07	375.32	378.18	381.37	384.59	387.45	389.3	389.28	386.89	381.95	374.34	363.81	350.39	335	319.73	307.95	301.02	297.4	296.09	295.82	296.13	296.84	297.43	297.3	295.87	292.09	285.18	275.63	264.82	254.76	247.01	242.39	240.93	242.29	246.1	252.04	259.48	267.52	274.54	279.35	281.59	281.23	278.45	273.19	265.86	257.22	248.09
657.87	650.53	643.12	635.56	627.69	619.41	610.6	601.21	591.31	581.15	570.76	560.34	550.16	540.43	531.31	522.85	514.96	507.34	499.46	490.47	480.62	470.15	459.27	448.23	437.28	426.71	416.76	407.64	399.45	392.23	386.06	381.09	377.38	374.92	373.62	373.35	373.94	375.16	376.73	378.31	379.45	379.58	378.1	374.46	368.28	359.31	347.45	332.95	316.81	301.62	291.24	285.93	283.67	283.14	283.48	284.08	284.48	284.03	281.99	277.58	270.12	259.64	247.53	236.19	227.66	222.35	219.55	218.53	219.11	221.27	225.16	230.86	237.6	244.21	249.65	253.2	254.41	253.18	249.61	244.14	237.41	230.14
668.89	661.79	654.58	647.13	639.3	630.99	622.17	612.89	603.26	593.53	583.5	573.31	563.28	553.65	544.52	535.89	527.63	519.49	511.06	501.9	491.79	481.11	470.12	459.04	448.1	437.55	427.59	418.37	409.97	402.39	395.55	389.67	384.88	381.14	378.4	376.56	375.52	375.1	375.03	374.97	374.48	373.09	370.28	365.54	358.47	348.84	336.74	322.68	307.87	294.61	285.48	280.05	277.37	276.43	276.38	276.44	275.84	273.76	269.35	261.84	250.87	237.02	222.31	210.65	204.12	201.49	200.61	200.12	200.25	201.03	202.83	206.69	211.79	217.14	222.23	226.38	228.76	228.94	227.07	223.44	218.59	212.99
679.75	673.18	666.39	659.19	651.44	643.14	634.34	625.2	615.87	606.47	596.83	586.85	576.96	567.43	558.35	549.64	541.13	532.58	523.73	514.34	504.28	493.66	482.75	471.72	460.83	450.29	440.27	430.88	422.18	414.17	406.83	400.27	394.62	389.8	385.77	382.51	379.93	377.9	376.24	374.69	372.84	370.25	366.43	360.92	353.39	343.77	332.33	319.8	307.4	296.46	287.76	281.48	277.52	275.36	274.19	273.11	271.16	267.35	260.84	250.98	237.68	221.73	205.45	194.1	188.63	186.65	186.03	185.57	185.19	185.12	185.79	187.8	191.03	194.79	198.81	202.99	206	207.16	206.76	204.82	201.87	198.07
690.34	684.56	678.36	671.45	663.79	655.48	646.72	637.72	628.62	619.44	610.12	600.57	590.88	581.56	572.62	563.92	555.26	546.47	537.38	527.88	517.9	507.49	496.81	485.91	475.12	464.6	454.51	444.93	435.94	427.56	419.82	412.75	406.37	400.65	395.53	391.06	387.08	383.56	380.47	377.68	374.85	371.49	367.07	361.17	353.61	344.48	334.19	323.46	313.16	303.95	295.71	288.43	282.97	279.24	276.59	274.08	270.7	265.45	257.51	246.43	232.35	216.35	200.79	189.52	182.87	179.35	177.38	175.94	174.69	173.75	173.43	174.04	175.65	178.09	181.13	184.46	187.31	189.08	189.72	189.34	188.17	186.58
700.77	695.81	690.21	683.58	675.92	667.58	658.88	650.07	641.25	632.39	623.41	614.25	604.96	595.94	587.21	578.56	569.86	560.99	551.83	542.34	532.49	522.32	511.88	501.25	490.68	480.25	470.09	460.35	451.12	442.43	434.32	426.8	419.86	413.46	407.53	402.09	396.97	392.18	387.89	384.21	380.88	377.22	372.6	366.65	359.35	350.92	341.84	332.61	323.71	315.3	307.25	299.53	292.8	287.55	283.29	279.3	274.66	268.43	259.89	248.72	235.23	220.44	206.13	194.27	185.74	179.76	175.43	172.07	169.34	167.18	165.71	165.07	165.35	166.54	168.49	170.86	173.22	175.17	176.51	177.26	177.57	177.69
711.56	706.65	701.42	695.02	687.34	678.99	670.46	662.01	653.63	645.24	636.75	628.11	619.37	610.67	602.05	593.43	584.77	575.93	566.82	557.43	547.75	537.85	527.75	517.53	507.27	497.01	486.83	477	467.59	458.63	450.17	442.22	434.79	427.86	421.4	415.33	409.55	404.01	398.9	394.69	391.32	387.73	383.2	377.41	370.47	362.74	354.61	346.44	338.38	330.37	322.35	314.34	306.69	300.01	294.11	288.71	283.04	276.34	267.91	257.48	245.32	232.15	218.95	206.64	196.18	187.52	180.28	174.36	169.54	165.7	162.78	160.8	159.81	159.79	160.63	162.06	163.8	165.58	167.2	168.6	169.82	170.96
721.86	716.64	711.16	704.94	697.56	689.33	681.25	673.41	665.68	657.94	650.06	642.01	633.8	625.45	616.97	608.4	599.76	591.04	582.08	572.82	563.36	553.79	544.13	534.41	524.58	514.63	504.61	494.81	485.23	476.02	467.21	458.79	450.84	443.43	436.6	430.33	424.53	419.14	414.25	409.98	406.5	403.03	398.74	393.23	386.67	379.47	371.96	364.39	356.79	349	340.92	332.64	324.39	316.51	309.11	302.24	295.65	288.78	280.88	271.57	260.94	249.38	237.32	225.14	213.28	202.02	191.7	182.87	175.56	169.58	164.83	161.27	158.88	157.63	157.37	157.88	158.92	160.27	161.74	163.23	164.71	166.17
731.13	725.51	719.68	713.32	706.18	698.52	691.26	684.25	677.32	670.34	663.17	655.74	648.01	639.98	631.68	623.2	614.63	606.01	597.25	588.19	578.99	569.82	560.7	551.58	542.36	532.97	523.38	513.67	503.95	494.47	485.3	476.36	467.75	459.76	452.68	446.58	441.35	436.81	432.81	429.23	425.96	422.62	418.64	413.64	407.56	400.75	393.5	386.11	378.63	370.86	362.59	353.91	345.05	336.25	327.75	319.73	312.2	304.98	297.59	289.35	280.15	270.11	259.25	247.61	235.26	222.41	209.52	197.61	187.54	179.03	172.03	166.54	162.54	159.96	158.58	158.14	158.36	159.04	159.97	161.01	162.08	163.15
739.08	733.21	727.2	720.89	714.22	707.36	700.72	694.54	688.42	682.26	675.87	669.07	661.77	653.99	645.82	637.43	628.95	620.43	611.87	603.17	594.35	585.68	577.15	568.75	560.31	551.64	542.63	533.26	523.62	513.9	504.25	494.72	485.29	476.56	469.21	463.52	459.34	456.17	453.42	450.71	447.92	444.96	441.62	437.53	432.41	426.23	419.13	411.42	403.51	395.47	386.78	377.56	368.04	358.47	349.06	340.07	331.65	323.82	316.36	308.9	301	292.3	282.74	272.12	260.13	246.84	232.8	218.78	205.6	194.18	184.53	176.71	170.89	166.8	164.15	162.62	161.88	161.64	161.64	161.72	161.76	161.76
745.63	739.78	733.88	727.86	721.78	715.73	709.86	704.28	698.83	693.47	687.88	681.72	674.78	667.15	659.07	650.77	642.43	634.12	625.83	617.55	609.28	601.15	593.22	585.61	578.04	570.19	561.86	552.97	543.57	533.74	523.65	513.44	503.28	493.7	485.94	480.66	477.81	476.31	474.88	473.01	470.73	468.37	466.04	463.29	459.44	454.15	447.38	439.48	430.96	422.09	412.77	402.96	392.77	382.46	372.22	362.33	353.06	344.51	336.6	329.09	321.63	313.93	305.73	296.56	285.64	272.96	258.88	243.97	229.1	215.1	202.46	191.99	184.11	178.18	173.95	171.11	169.19	167.77	166.48	165.09	163.53	161.85
750.87	745.31	739.75	734.21	728.75	723.42	718.26	713.29	708.48	703.74	698.85	693.34	686.67	679.1	671.09	662.96	654.88	646.9	639.03	631.26	623.61	616.1	608.81	601.84	595.12	588.06	580.44	572.15	563.11	553.33	542.95	532.22	521.5	511.43	503.07	497.9	496.14	496.15	495.76	494.63	492.94	491.3	490.21	489.09	486.68	482.53	476.41	468.42	459.37	449.84	439.92	429.51	418.64	407.54	396.49	385.74	375.67	366.41	357.85	349.79	342.05	334.43	326.67	318.39	309.11	298.12	285.12	270.49	255.2	240.06	225.76	212.98	202.47	194.18	187.87	183.32	179.95	177.07	174.09	170.78	167.14	163.33
754.91	749.83	744.79	739.82	734.98	730.29	725.75	721.35	717.05	712.76	708.29	703.28	696.96	689.43	681.62	673.84	666.17	658.67	651.32	644.13	637.09	630.23	623.58	617.19	610.96	604.56	597.64	590.05	581.54	572.04	561.59	550.56	539.56	529.47	521.34	516.12	513.91	513.84	514.05	513.83	513.25	512.73	512.67	512.75	511.84	509.06	504.2	496.59	487.5	477.86	467.72	456.78	445.02	432.97	421.1	409.68	398.94	389.08	379.76	370.78	362.17	353.92	345.88	337.75	329.12	319.49	308.56	295.68	281.38	266.6	251.99	238.19	225.77	214.96	205.89	199.01	193.74	189.01	183.96	178.29	172.28	166.19
757.89	753.4	748.95	744.58	740.33	736.2	732.19	728.26	724.35	720.32	715.97	710.97	704.94	697.89	690.59	683.33	676.23	669.3	662.53	655.92	649.46	643.16	637.02	631.04	625.13	619.09	612.71	605.81	598.03	589.11	578.89	567.7	556.6	546.68	538.8	533.49	530.73	529.93	530.1	530.54	531.05	531.73	532.66	533.55	533.67	532.2	528.61	522.58	514.61	505.43	495.51	484.18	471.22	458.12	445.55	433.71	422.58	412.08	401.99	391.86	382.03	372.66	363.76	355.16	346.54	337.57	327.85	317.04	305.22	292.26	278.59	264.95	251.56	238.97	227.68	218.08	209.97	202.77	195.33	186.96	178.68	170.6
759.89	756.02	752.18	748.39	744.69	741.06	737.49	733.91	730.25	726.36	722.04	717.08	711.33	704.85	698.1	691.46	684.99	678.68	672.5	666.42	660.42	654.53	648.74	643.01	637.29	631.46	625.37	618.82	611.6	603.52	593.9	582.64	571.63	561.98	554.34	548.97	545.78	544.4	544.33	545.06	546.28	547.84	549.59	551.26	552.35	552.23	550.33	546.31	540.17	532.11	522.32	510.59	496.57	482.56	469.39	457.23	445.81	434.83	423.94	412.88	401.78	391.01	380.83	371.22	362.1	353.24	344.32	335.05	325.19	314.55	303.16	290.9	277.54	263.97	250.8	238.61	227.5	217.13	206.83	196.16	186.19	176.82
760.99	757.7	754.43	751.19	747.97	744.77	741.55	738.24	734.74	730.94	726.7	721.89	716.51	710.63	704.46	698.32	692.45	686.72	681.04	675.36	669.68	664.03	658.41	652.81	647.2	641.46	635.48	629.06	622	614.05	604.91	594.32	583.84	574.69	567.4	562.11	558.7	556.97	556.63	557.38	558.91	560.97	563.33	565.71	567.8	569.16	569.23	567.5	563.48	556.85	547.48	535.48	521.28	506.3	492.37	479.71	467.99	456.71	445.39	433.74	421.72	409.56	397.72	386.61	376.5	367.34	358.83	350.6	342.25	333.43	323.89	313.36	301.43	287.84	273.36	259.06	245.31	232.03	219	206.24	194.97	184.9
761.22	758.45	755.68	752.91	750.12	747.27	744.33	741.22	737.86	734.16	730.05	725.5	720.53	715.22	709.67	704.06	698.59	693.32	687.97	682.5	676.94	671.34	665.76	660.19	654.61	648.91	642.96	636.55	629.45	621.44	612.37	602.5	592.89	584.51	577.76	572.7	569.25	567.3	566.72	567.33	568.9	571.18	573.92	576.9	579.92	582.74	584.9	585.61	583.9	578.97	570.44	558.72	544.7	529.59	514.65	500.72	488.47	477.08	465.72	453.9	441.42	428.4	415.12	402.12	390.6	380.71	372.19	364.51	357.15	349.62	341.43	332.12	321.25	308.55	293.92	278.35	262.65	247.25	232.38	218.35	205.66	194.31
760.59	758.26	755.91	753.54	751.09	748.54	745.82	742.87	739.64	736.06	732.13	727.86	723.28	718.48	713.51	708.46	703.39	698.32	693.04	687.54	681.9	676.21	670.55	664.94	659.35	653.66	647.72	641.33	634.26	626.31	617.5	608.16	599.11	591.55	585.43	580.67	577.24	575.13	574.31	574.72	576.2	578.53	581.5	584.92	588.68	592.73	596.86	599.97	600.59	597.6	590.28	579.21	565.52	550.34	534.78	519.93	506.62	495.06	484.07	472.59	460.2	446.85	432.84	418.74	405.48	394.26	385.22	377.53	370.61	363.85	356.6	348.21	338.13	326.01	311.76	295.82	278.97	262.3	246.24	231.03	216.78	203.29
759.13	757.13	755.11	753.04	750.87	748.55	746.02	743.22	740.12	736.68	732.92	728.89	724.64	720.22	715.7	711.09	706.37	701.39	695.94	690.18	684.28	678.39	672.6	666.91	661.29	655.62	649.75	643.47	636.58	628.98	620.67	611.92	603.32	596.22	590.55	585.99	582.51	580.21	579.16	579.36	580.71	583.05	586.18	589.94	594.25	599.18	604.83	609.78	612.25	611.09	605.58	595.58	582.32	566.9	550.62	534.96	521.1	509.45	499.24	488.79	477.14	464.05	449.91	435.47	421.58	409.13	398.78	390.4	383.28	376.84	370.19	362.5	353.05	341.38	327.33	311.21	293.88	276.64	259.71	243.28	227.34	211.71
756.88	755.09	753.28	751.42	749.45	747.31	744.94	742.28	739.3	735.98	732.37	728.5	724.45	720.27	715.99	711.61	707.02	702.02	696.24	690.07	683.83	677.71	671.76	666	660.37	654.76	649.01	642.95	636.43	629.36	621.8	613.9	606.03	598.93	593.28	588.57	584.88	582.36	581.11	581.14	582.39	584.73	588.01	592.1	596.93	602.69	609.34	615.19	618.79	619.03	615.08	606.47	593.69	577.61	560.34	544	529.96	518.62	509.44	501.02	491.07	478.76	465.06	450.96	437.27	424.64	413.49	403.84	395.89	389.3	382.9	375.69	366.69	355.32	341.43	325.29	307.7	289.88	272.09	254.42	236.93	219.54
753.88	752.16	750.44	748.67	746.82	744.81	742.57	740.03	737.15	733.93	730.4	726.59	722.59	718.44	714.17	709.73	704.96	699.6	693.46	686.91	680.38	674.05	667.98	662.18	656.58	651.07	645.5	639.73	633.63	627.19	620.44	613.52	606.53	599.61	593.42	588.24	584.23	581.5	580.11	580.02	581.19	583.53	586.94	591.35	596.74	603.06	609.94	615.87	619.68	620.54	617.75	610.53	598.06	580.61	562.43	546	532.45	521.94	513.95	507.31	500.18	489.43	476.9	463.88	451.11	439.06	428.02	418.13	409.47	401.93	395.28	388.22	379.39	368.1	354.19	338	320.21	301.65	282.81	263.96	245.19	226.47
750.2	748.4	746.61	744.82	742.98	741.02	738.87	736.42	733.63	730.45	726.91	723.06	718.95	714.64	710.13	705.32	699.95	693.98	687.4	680.58	673.83	667.35	661.24	655.47	649.95	644.56	639.16	633.65	627.94	622.03	615.96	609.81	603.6	596.88	590.26	584.7	580.47	577.62	576.15	576	577.11	579.41	582.85	587.38	592.96	599.36	605.87	611.11	614.12	614.37	611.59	604.65	591.9	573.95	556.21	540.88	528.73	519.64	512.94	507.57	502.1	494.45	484.2	473.08	461.88	451.06	440.87	431.5	422.98	415.19	407.82	400.17	391.07	379.48	365.31	348.85	330.58	311.17	291.38	271.58	251.83	232.08
745.91	743.88	741.86	739.88	737.92	735.92	733.78	731.38	728.63	725.45	721.83	717.81	713.46	708.82	703.83	698.32	692.17	685.43	678.34	671.17	664.2	657.64	651.58	645.95	640.56	635.25	629.9	624.5	619.02	613.43	607.7	601.82	595.82	589.44	583.15	577.74	573.58	570.76	569.29	569.1	570.13	572.32	575.59	579.85	584.93	590.51	595.94	599.93	601.18	599.35	594.63	586.21	573.18	557.5	542.3	529.5	519.7	512.55	507.3	503.01	498.82	493.54	486.27	477.67	468.54	459.42	450.65	442.36	434.54	427	419.33	410.96	401.09	388.79	374.1	357.16	338.35	318.2	297.47	277.06	256.53	235.89
741.1	738.67	736.27	733.93	731.67	729.47	727.23	724.8	722.03	718.78	715.01	710.76	706.12	701.04	695.41	689.05	681.97	674.38	666.57	658.9	651.67	645.06	639.12	633.7	628.5	623.15	617.59	612	606.47	600.85	595.07	589.2	583.36	577.6	572.14	567.38	563.62	561.01	559.6	559.36	560.25	562.19	565.03	568.58	572.52	576.39	579.5	580.88	579.69	575.53	568.53	558.79	546.84	534.3	522.82	513.56	506.8	501.92	498.28	495.26	492.17	488.37	483.32	477.12	470.21	463.08	456.05	449.23	442.53	435.63	428.02	419.08	408.19	395.02	379.61	362.13	342.96	322.54	301.44	280.3	258.94	237.44
735.81	732.87	729.94	727.07	724.29	721.65	719.12	716.54	713.65	710.26	706.32	701.88	697.01	691.55	685.23	677.96	669.85	661.19	652.42	644.05	636.48	629.89	624.11	618.82	613.76	608.22	602.06	595.88	589.87	583.93	578.08	572.43	567.09	562.16	557.72	553.87	550.75	548.49	547.16	546.83	547.46	548.96	551.09	553.55	555.9	557.61	558.04	556.56	552.7	546.36	537.94	528.06	517.84	508.61	501.21	495.75	491.89	489.02	486.63	484.37	481.94	479.04	475.45	471.12	466.25	461.12	455.96	450.81	445.48	439.53	432.32	423.12	411.4	397.06	380.69	362.79	343.67	323.48	302.39	280.72	258.63	236.36
730.06	726.56	723.03	719.46	715.9	712.5	709.38	706.42	703.23	699.6	695.56	691.15	686.23	680.49	673.6	665.45	656.18	646.21	636.22	627	619.09	612.59	606.95	601.43	596.07	590.12	583.26	576.33	569.67	563.42	557.62	552.36	547.72	543.76	540.43	537.62	535.26	533.38	532.1	531.56	531.8	532.65	533.82	534.91	535.47	535	532.99	529.15	523.28	515.56	507.01	498.58	491.05	485.24	481.13	478.17	475.83	473.79	471.8	469.74	467.53	465.09	462.38	459.38	456.16	452.84	449.5	446.04	442.15	437.26	430.64	421.43	408.96	393.26	375.96	358.05	339.61	320.24	299.47	277.53	255.06	232.44
723.86	719.8	715.64	711.26	706.68	702.16	698.02	694.22	690.38	686.41	682.39	678.22	673.54	667.85	660.65	651.72	641.21	629.74	618.4	608.4	600.24	593.77	587.99	582.05	575.7	568.75	561.25	553.74	546.66	540.25	534.65	529.89	525.98	522.99	520.81	519.07	517.46	515.91	514.59	513.73	513.4	513.39	513.37	512.9	511.69	509.43	505.59	500.43	494.03	486.59	479.36	473.1	468.07	464.44	461.88	459.83	457.78	455.55	453.17	450.74	448.29	445.88	443.6	441.48	439.51	437.71	435.99	434.1	431.5	427.47	421.23	411.92	398.47	381.71	364.21	347.05	329.96	311.85	291.56	269.82	247.74	225.65
717.24	712.66	707.84	702.55	696.84	691.01	685.47	680.26	675.35	670.8	666.66	662.78	658.64	653.42	646.27	636.69	624.89	611.97	599.62	589.34	581.06	574.09	567.52	560.64	553.12	545.02	536.71	528.79	521.66	515.36	510.09	505.94	502.67	500.53	499.38	498.53	497.57	496.3	494.93	493.66	492.56	491.4	489.92	487.85	485.04	481.51	477.05	471.77	465.92	459.83	454.23	449.69	446.33	443.86	441.77	439.5	436.76	433.54	430.09	426.72	423.57	420.73	418.49	416.96	415.94	415.37	415.01	414.39	412.66	408.91	402.13	391.8	377.71	361.49	345.14	329.35	313.91	296.91	277.43	256.94	236.46	216.09
710.33	705.17	699.56	693.22	686.28	679.09	671.97	665.13	658.77	653.16	648.5	644.7	641.19	636.77	629.93	619.78	606.77	592.92	580.29	569.73	560.94	553.11	545.4	537.23	528.48	519.39	510.41	502.36	495.6	489.77	484.93	481.35	478.82	477.31	476.6	476.18	475.61	474.68	473.37	471.72	469.71	467.21	464.11	460.43	456.36	452.15	447.84	443.36	438.66	433.93	429.62	426.2	423.67	421.46	418.96	415.7	411.61	406.92	401.92	397.06	392.66	389	386.46	385.35	385.17	385.64	386.36	386.52	384.88	380.36	372.32	361.31	348.3	334.24	319.83	305.35	290.79	274.92	257.17	239.01	221.32	203.87
703.52	697.41	690.77	683.3	675.15	666.58	657.87	649.31	641.25	634.13	628.4	624.14	620.87	617.07	610.46	599.51	585.63	571.51	558.98	548.37	539.07	530.2	521.11	511.47	501.63	492.13	483.3	475.6	469.19	463.84	459.55	456.44	454.45	453.37	452.87	452.57	452.14	451.33	449.99	447.97	445.12	441.4	436.87	431.82	426.77	422.34	418.57	415.12	411.56	407.71	403.96	400.84	398.18	395.2	391.4	386.6	380.95	374.75	368.26	361.85	356.08	351.69	349.19	348.4	348.85	350.12	351.71	352.49	350.68	345.26	336.46	325.75	314.53	302.86	290.31	277.02	263.04	248.22	232.6	217.06	202.66	188.99
697.6	689.89	681.82	673.09	663.69	653.75	643.49	633.25	623.44	614.57	607.38	601.91	597.65	592.92	585.3	573.76	560.13	546.84	534.98	524.54	514.7	504.45	493.67	482.7	472.22	462.87	454.84	448	442.19	437.41	433.77	431.25	429.72	428.95	428.52	428.09	427.45	426.47	424.97	422.56	419.04	414.43	408.99	403.14	397.59	393.19	389.79	386.78	383.64	380.02	376.16	372.37	368.5	364.07	358.81	352.83	346.4	339.7	332.74	325.62	318.9	313.88	311.5	310.84	311.43	312.83	314.81	316.32	314.7	308.92	300.28	290.59	280.86	270.55	258.92	246.18	232.91	219.55	206.17	193.24	181.51	170.39
692.01	682.58	672.93	662.81	652.11	640.82	629.12	617.33	606.02	595.73	587.03	579.68	572.78	565.02	555.33	543.75	531.39	519.47	508.46	497.84	486.77	474.79	462.45	450.68	440.09	431.19	424.29	418.78	414.04	410.22	407.63	405.93	404.91	404.36	403.83	402.98	401.82	400.32	398.42	395.61	391.57	386.57	380.98	375.28	370.05	365.67	362.01	358.64	355.12	351.21	346.93	342.35	337.36	331.71	325.29	318.65	312.17	305.84	299.44	292.82	286.44	281.35	278.5	277.35	277.43	278.46	280.07	281.32	280.23	275.4	267.92	259.08	249.5	239.06	227.39	214.8	202.44	190.82	179.79	169.18	159.18	149.54
686.17	675.18	664.04	652.53	640.52	627.96	614.93	601.79	589.32	577.83	567.35	557.5	547.46	536.49	524.63	512.92	501.8	491.1	480.4	468.87	456.06	442.33	428.81	416.49	405.73	396.95	390.97	386.99	384.09	382.15	381.21	380.8	380.43	379.88	378.91	377.44	375.53	373.26	370.55	367.15	362.91	358.03	352.87	347.81	343.13	338.88	334.93	331.01	326.92	322.53	317.82	312.77	307.3	301.33	294.81	288.42	282.61	277.12	271.57	265.79	260.08	255.03	251.15	248.6	247.4	247.52	248.46	249.22	248.25	244.41	237.75	229.18	219.41	208.67	197.03	184.99	173.67	163.36	153.78	144.68	135.9	127.27
679.67	667.41	654.98	642.19	628.91	615.11	600.9	586.66	572.91	559.9	547.51	535.28	522.65	509.36	496.2	484.57	474.11	463.67	452.35	439.52	424.95	409.33	394.53	381.28	369.78	360.9	355.32	352.67	352.19	353.12	354.57	355.71	356	355.32	353.76	351.47	348.67	345.54	342.07	338.16	333.8	329.2	324.66	320.35	316.26	312.3	308.26	304.02	299.66	295.18	290.57	285.79	280.71	275.3	269.61	264.02	258.79	253.78	248.75	243.54	238.23	232.96	227.91	223.47	220.34	219.04	218.97	219.2	218.24	214.86	208.3	199.6	189.75	178.99	167.8	156.71	146.32	136.84	128.12	119.92	111.96	104.08
672.31	659.02	645.54	631.62	617.1	601.99	586.6	571.17	556.04	541.35	527.07	512.89	498.55	484.39	471.15	459.42	448.58	437.44	425.04	410.99	395.07	378.07	361.77	346.87	333.94	324.5	319.4	317.96	319.64	323.47	327.57	330.24	331.06	330.28	328.17	325.12	321.46	317.56	313.53	309.28	304.84	300.47	296.45	292.73	289.11	285.46	281.68	277.72	273.74	269.83	265.95	262	257.87	253.46	248.81	244.08	239.38	234.69	229.88	224.78	219.34	213.57	207.31	200.92	195.68	192.6	191.1	190.08	188.46	184.75	178.32	169.71	160.02	149.72	139.29	129.16	119.63	110.84	102.72	95.059	87.64	80.297
664.02	649.79	635.42	620.56	604.82	588.26	571.5	554.85	538.33	521.89	505.7	489.88	474.5	460.17	447.26	435.58	424.38	412.4	398.78	383.57	366.59	348.5	330.73	314.56	300.51	290.33	285.63	285.05	287.87	293.5	299.81	303.59	304.84	304.27	301.89	298.45	294.27	289.84	285.42	280.97	276.53	272.32	268.49	264.98	261.63	258.34	255.06	251.82	248.74	245.89	243.25	240.7	238.05	235.07	231.6	227.63	223.24	218.58	213.64	208.11	201.89	195.08	187.6	179.87	173.1	168.01	164.38	161.41	158.13	153.55	147.17	139.16	130.12	120.63	111.13	101.94	93.239	85.092	77.455	70.197	63.152	56.184
654.93	639.6	624.25	608.52	591.54	573.52	555.34	537.38	519.61	501.47	483.28	465.88	449.81	435.66	423.26	411.82	400.41	387.94	373.68	357.73	339.97	320.74	301.55	284.6	270.42	260.26	255.08	254.49	257.61	263.28	269.56	274.29	276.55	276.64	274.77	271.49	267.31	262.68	257.93	253.21	248.67	244.45	240.61	237.15	234.01	231.11	228.48	226.17	224.27	222.84	221.84	221.12	220.4	219.27	217.2	213.81	209.34	204.22	198.61	192.11	184.61	176.45	167.83	159.16	151.11	144.14	138.25	133.04	127.89	122.21	115.64	108.16	99.993	91.518	83.057	74.829	66.944	59.432	52.261	45.353	38.605	31.918
645.32	628.47	611.72	594.87	576.86	557.71	538.1	518.58	499.45	479.92	460.13	441.24	424.25	410.3	398.5	387.33	375.82	363.22	349.05	333.14	315.23	295.1	274.81	256.76	242.11	231.76	226.16	225.11	227.76	232.79	238.59	243.64	246.87	247.96	246.99	244.31	240.4	235.75	230.78	225.81	221.06	216.68	212.75	209.3	206.33	203.86	201.94	200.66	200.09	200.26	201.13	202.51	204.03	205.09	204.73	201.72	196.78	190.69	183.76	175.92	167.2	157.86	148.19	138.51	129.16	120.4	112.34	104.91	97.873	91	84.078	76.981	69.695	62.314	54.959	47.726	40.666	33.792	27.089	20.524	14.046	7.6039
635.51	616.74	598.18	580.23	561.45	541.35	520.18	498.73	478.16	457.43	436.52	416.38	398.38	384.15	372.85	362.19	350.93	338.51	324.64	309.03	291.19	270.35	249.02	229.82	214.47	203.73	197.73	196.09	197.98	202.2	207.49	212.68	216.72	218.9	218.95	217.01	213.49	208.9	203.76	198.53	193.53	188.95	184.89	181.43	178.64	176.6	175.43	175.2	176	177.85	180.69	184.28	188.13	191.38	192.69	190.25	184.78	177.49	169.03	159.73	149.76	139.31	128.61	117.86	107.16	96.635	86.47	76.865	67.988	59.906	52.558	45.77	39.327	33.049	26.826	20.608	14.383	8.1525	1.9227	-4.2992	-10.511	-16.716
